 index year n comp_unit obs pred pearson
AI_survey 1991 167.336  3 0.0267643 0.0183784 0.807422
AI_survey 1991 167.336  4 0.0235792 0.0158251 0.803498
AI_survey 1991 167.336  5 0.0458671 0.0415708 0.278402
AI_survey 1991 167.336  6 0.0500069 0.0668986 -0.874509
AI_survey 1991 167.336  7 0.209272 0.162836 1.62689
AI_survey 1991 167.336  8 0.0946267 0.0851112 0.441088
AI_survey 1991 167.336  9 0.0755436 0.0753938 0.00734037
AI_survey 1991 167.336  10 0.111214 0.0967218 0.63422
AI_survey 1991 167.336  11 0.0472233 0.0830278 -1.67849
AI_survey 1991 167.336  12 0.0558384 0.0521507 0.21454
AI_survey 1991 167.336  13 0.0411151 0.0337393 0.528353
AI_survey 1991 167.336  14 0.0367047 0.0312233 0.407632
AI_survey 1991 167.336  15 0.0134379 0.0280541 -1.14481
AI_survey 1991 167.336  16 0.00214396 0.0195896 -1.62801
AI_survey 1991 167.336  17 0.00237372 0.0140996 -1.28608
AI_survey 1991 167.336  18 0.00260942 0.0132504 -1.20336
AI_survey 1991 167.336  19 0.00281155 0.0138265 -1.21981
AI_survey 1991 167.336  20 0.00321176 0.0133044 -1.13907
AI_survey 1991 167.336  21 0.00143772 0.0112967 -1.20622
AI_survey 1991 167.336  22 0 0.0086882 -1.21034
AI_survey 1991 167.336  23 0.00251528 0.00649042 -0.639872
AI_survey 1991 167.336  24 0.00681028 0.00514837 0.300102
AI_survey 1991 167.336  25 0.00387777 0.00437824 -0.0979457
AI_survey 1991 167.336  26 0 0.00403393 -0.822245
AI_survey 1991 167.336  27 0.0045178 0.0043326 0.0364354
AI_survey 1991 167.336  28 0.00207745 0.00509986 -0.548348
AI_survey 1991 167.336  29 0.00308604 0.00549175 -0.420713
AI_survey 1991 167.336  30 0 0.0048374 -0.900964
AI_survey 1991 167.336  31 0.00398628 0.00345703 0.116474
AI_survey 1991 167.336  32 0.00496519 0.00219618 0.763447
AI_survey 1991 167.336  33 0.00150405 0.00147197 0.0107894
AI_survey 1991 167.336  34 0.00218975 0.00112059 0.411557
AI_survey 1991 167.336  35 0 0.000865609 -0.378575
AI_survey 1991 167.336  36 0.00110536 0.000621533 0.249131
AI_survey 1991 167.336  37 0.00254308 0.00042126 1.32199
AI_survey 1991 167.336  38 0.00281155 0.000381479 1.58907
AI_survey 1991 167.336  39 0.00103872 0.000571778 0.250501
AI_survey 1991 167.336  40 0.11119 0.0640937 2.48729
AI_survey 1994 151.648  3 0.00264887 0.00316424 -0.112827
AI_survey 1994 151.648  4 0.00919764 0.0121561 -0.332328
AI_survey 1994 151.648  5 0.0293964 0.0392547 -0.625056
AI_survey 1994 151.648  6 0.0622371 0.0799497 -0.804196
AI_survey 1994 151.648  7 0.0822603 0.0605872 1.11863
AI_survey 1994 151.648  8 0.099726 0.0834851 0.722984
AI_survey 1994 151.648  9 0.0995231 0.0966847 0.11827
AI_survey 1994 151.648  10 0.165697 0.143499 0.779732
AI_survey 1994 151.648  11 0.0605127 0.0848997 -1.07737
AI_survey 1994 151.648  12 0.0744278 0.0556704 1.00735
AI_survey 1994 151.648  13 0.0601839 0.0610333 -0.0436918
AI_survey 1994 151.648  14 0.0295026 0.051622 -1.23096
AI_survey 1994 151.648  15 0.0339615 0.0333992 0.0385358
AI_survey 1994 151.648  16 0.0381025 0.021917 1.36103
AI_survey 1994 151.648  17 0.0254175 0.0188791 0.591463
AI_survey 1994 151.648  18 0.0185436 0.0166235 0.184885
AI_survey 1994 151.648  19 0.00444551 0.0123478 -0.88085
AI_survey 1994 151.648  20 0.00977925 0.00925009 0.0680321
AI_survey 1994 151.648  21 0.00444129 0.00853339 -0.547537
AI_survey 1994 151.648  22 0.00293109 0.00871942 -0.766273
AI_survey 1994 151.648  23 0.00620716 0.00840017 -0.295728
AI_survey 1994 151.648  24 0.00256362 0.00724479 -0.67927
AI_survey 1994 151.648  25 0.00215006 0.00570798 -0.581085
AI_survey 1994 151.648  26 0.00489018 0.00435315 0.100338
AI_survey 1994 151.648  27 0.00488993 0.00345563 0.300553
AI_survey 1994 151.648  28 0.00339267 0.00294657 0.101181
AI_survey 1994 151.648  29 0.00495826 0.00275927 0.515301
AI_survey 1994 151.648  30 0.00121133 0.00292967 -0.390857
AI_survey 1994 151.648  31 0.00198121 0.00330278 -0.283227
AI_survey 1994 151.648  32 0.00254663 0.0034567 -0.190674
AI_survey 1994 151.648  33 0.00320655 0.00307675 0.0288153
AI_survey 1994 151.648  34 0.000683161 0.00230284 -0.41522
AI_survey 1994 151.648  35 0.000966931 0.00154013 -0.179424
AI_survey 1994 151.648  36 0.00193512 0.00104454 0.337897
AI_survey 1994 151.648  37 0.00115138 0.000775295 0.165333
AI_survey 1994 151.648  38 0.00201756 0.00065062 0.655144
AI_survey 1994 151.648  39 0.000631028 0.000652423 -0.0102402
AI_survey 1994 151.648  40 0.0416812 0.0437254 -0.12309
AI_survey 1997 183.024  3 0.0200808 0.00906266 1.57208
AI_survey 1997 183.024  4 0.0105349 0.00691944 0.589622
AI_survey 1997 183.024  5 0.0141637 0.0125744 0.192879
AI_survey 1997 183.024  6 0.0281022 0.0188083 0.925308
AI_survey 1997 183.024  7 0.0478035 0.045065 0.178573
AI_survey 1997 183.024  8 0.0952138 0.0892725 0.281878
AI_survey 1997 183.024  9 0.139196 0.118829 0.851464
AI_survey 1997 183.024  10 0.116381 0.0812508 1.73938
AI_survey 1997 183.024  11 0.118905 0.0757587 2.20578
AI_survey 1997 183.024  12 0.0646075 0.0839924 -0.945419
AI_survey 1997 183.024  13 0.0896336 0.0994821 -0.445132
AI_survey 1997 183.024  14 0.035363 0.0676229 -1.73798
AI_survey 1997 183.024  15 0.0271009 0.0431705 -1.06955
AI_survey 1997 183.024  16 0.0213526 0.0419413 -1.38936
AI_survey 1997 183.024  17 0.0277823 0.0357697 -0.581772
AI_survey 1997 183.024  18 0.0125296 0.0244384 -1.04321
AI_survey 1997 183.024  19 0.00935576 0.0165837 -0.765473
AI_survey 1997 183.024  20 0.0163271 0.0136786 0.308373
AI_survey 1997 183.024  21 0.0129195 0.0118341 0.135741
AI_survey 1997 183.024  22 0.00763803 0.00920513 -0.221875
AI_survey 1997 183.024  23 0.0047469 0.00715422 -0.386157
AI_survey 1997 183.024  24 0.00222508 0.00647905 -0.716756
AI_survey 1997 183.024  25 0.00158541 0.00644955 -0.821422
AI_survey 1997 183.024  26 0.0078552 0.00617228 0.290461
AI_survey 1997 183.024  27 0.00433992 0.00538085 -0.192318
AI_survey 1997 183.024  28 0.00117309 0.00431978 -0.648361
AI_survey 1997 183.024  29 0.00314951 0.00334909 -0.0466643
AI_survey 1997 183.024  30 0.00285205 0.00266965 0.0477346
AI_survey 1997 183.024  31 0.00480853 0.00228269 0.71447
AI_survey 1997 183.024  32 0.00522099 0.00215128 0.894262
AI_survey 1997 183.024  33 0.000626804 0.00224996 -0.462439
AI_survey 1997 183.024  34 0.00169868 0.0024496 -0.205093
AI_survey 1997 183.024  35 0.000546288 0.00250644 -0.529295
AI_survey 1997 183.024  36 0.00210081 0.00225366 -0.0435114
AI_survey 1997 183.024  37 0.00327572 0.00175601 0.489667
AI_survey 1997 183.024  38 0.00114594 0.0012765 -0.049275
AI_survey 1997 183.024  39 0 0.00101718 -0.429586
AI_survey 1997 183.024  40 0.0376585 0.0348222 0.209271
AI_survey 2000 183.024  3 0.0173721 0.00596269 2.00323
AI_survey 2000 183.024  4 0.0495964 0.0281271 1.75643
AI_survey 2000 183.024  5 0.0473867 0.0309545 1.28336
AI_survey 2000 183.024  6 0.0635768 0.0471754 1.04647
AI_survey 2000 183.024  7 0.0276385 0.0312711 -0.282314
AI_survey 2000 183.024  8 0.0504418 0.0311217 1.50498
AI_survey 2000 183.024  9 0.0274793 0.0328945 -0.410685
AI_survey 2000 183.024  10 0.0680719 0.0533976 0.882934
AI_survey 2000 183.024  11 0.0787976 0.0852768 -0.313828
AI_survey 2000 183.024  12 0.135666 0.0982008 1.70312
AI_survey 2000 183.024  13 0.0516208 0.0723658 -1.08314
AI_survey 2000 183.024  14 0.0521243 0.0612341 -0.51399
AI_survey 2000 183.024  15 0.0395737 0.0666062 -1.46663
AI_survey 2000 183.024  16 0.0467571 0.0711584 -1.28397
AI_survey 2000 183.024  17 0.028805 0.0531368 -1.4674
AI_survey 2000 183.024  18 0.0190933 0.0356801 -1.20958
AI_survey 2000 183.024  19 0.0224114 0.0316092 -0.711117
AI_survey 2000 183.024  20 0.021309 0.0270166 -0.476169
AI_survey 2000 183.024  21 0.0108244 0.0194358 -0.843679
AI_survey 2000 183.024  22 0.0110573 0.0136145 -0.298433
AI_survey 2000 183.024  23 0.0145527 0.0108911 0.477056
AI_survey 2000 183.024  24 0.00609345 0.00923186 -0.443711
AI_survey 2000 183.024  25 0.00648161 0.00739283 -0.14381
AI_survey 2000 183.024  26 0.00342019 0.00590353 -0.438181
AI_survey 2000 183.024  27 0.00195956 0.00526178 -0.61692
AI_survey 2000 183.024  28 0.00293122 0.00509562 -0.410847
AI_survey 2000 183.024  29 0.00370235 0.00482832 -0.219526
AI_survey 2000 183.024  30 0.00902341 0.00424055 0.99459
AI_survey 2000 183.024  31 0.00130457 0.0034608 -0.496007
AI_survey 2000 183.024  32 0.0017625 0.0027267 -0.24969
AI_survey 2000 183.024  33 0.00194806 0.00218938 -0.0696922
AI_survey 2000 183.024  34 0.00509874 0.00187804 1.00371
AI_survey 2000 183.024  35 0.00521747 0.00177062 1.10606
AI_survey 2000 183.024  36 0.00468313 0.0018265 0.902634
AI_survey 2000 183.024  37 0.00402159 0.00193848 0.639059
AI_survey 2000 183.024  38 7.10415e-005 0.00198532 -0.580345
AI_survey 2000 183.024  39 0.00224808 0.00189958 0.107995
AI_survey 2000 183.024  40 0.0558774 0.0312391 1.91575
AI_survey 2002 94.1265  3 0.0207811 0.0058624 1.89434
AI_survey 2002 94.1265  4 0.0672494 0.0214192 3.0705
AI_survey 2002 94.1265  5 0.0411937 0.0242198 1.071
AI_survey 2002 94.1265  6 0.0562695 0.0726047 -0.610714
AI_survey 2002 94.1265  7 0.0638816 0.0657653 -0.0737274
AI_survey 2002 94.1265  8 0.0598368 0.0685843 -0.335755
AI_survey 2002 94.1265  9 0.0412807 0.0407773 0.0246886
AI_survey 2002 94.1265  10 0.0485283 0.0306308 1.00752
AI_survey 2002 94.1265  11 0.0270102 0.0307051 -0.207758
AI_survey 2002 94.1265  12 0.0221413 0.0455361 -1.08861
AI_survey 2002 94.1265  13 0.085139 0.0686835 0.631194
AI_survey 2002 94.1265  14 0.065396 0.0764809 -0.404633
AI_survey 2002 94.1265  15 0.0257167 0.0595506 -1.38696
AI_survey 2002 94.1265  16 0.0370482 0.0500441 -0.578219
AI_survey 2002 94.1265  17 0.0449581 0.0531864 -0.355706
AI_survey 2002 94.1265  18 0.0706296 0.0547124 0.678985
AI_survey 2002 94.1265  19 0.0269117 0.0426634 -0.756095
AI_survey 2002 94.1265  20 0.0345652 0.0298248 0.270327
AI_survey 2002 94.1265  21 0 0.025283 -1.56224
AI_survey 2002 94.1265  22 0.0192856 0.0214786 -0.146725
AI_survey 2002 94.1265  23 0.0115127 0.0158918 -0.339629
AI_survey 2002 94.1265  24 0.00629131 0.0113386 -0.4623
AI_survey 2002 94.1265  25 0.00629131 0.0089258 -0.271603
AI_survey 2002 94.1265  26 0.00491649 0.00746084 -0.286666
AI_survey 2002 94.1265  27 0.00103292 0.00604501 -0.62681
AI_survey 2002 94.1265  28 0.00495702 0.00489831 0.00815028
AI_survey 2002 94.1265  29 0.00592611 0.00432978 0.235607
AI_survey 2002 94.1265  30 0.00764019 0.0041241 0.53165
AI_survey 2002 94.1265  31 2.02032e-005 0.00387973 -0.601556
AI_survey 2002 94.1265  32 0.00165386 0.00341921 -0.29298
AI_survey 2002 94.1265  33 0.00573296 0.00281863 0.532379
AI_survey 2002 94.1265  34 0 0.00224409 -0.459093
AI_survey 2002 94.1265  35 0.00638994 0.00181392 1.04049
AI_survey 2002 94.1265  36 0.00495702 0.00156457 0.830102
AI_survey 2002 94.1265  37 0.00117791 0.00147742 -0.0754009
AI_survey 2002 94.1265  38 0 0.00153546 -0.379229
AI_survey 2002 94.1265  39 0 0.00168532 -0.397448
AI_survey 2002 94.1265  40 0.0736774 0.0285347 2.63008
AI_survey 2004 167.336  3 0.00592539 0.00533072 0.105544
AI_survey 2004 167.336  4 0.0270057 0.0292051 -0.168936
AI_survey 2004 167.336  5 0.0187448 0.0235723 -0.411539
AI_survey 2004 167.336  6 0.0516861 0.0547373 -0.173504
AI_survey 2004 167.336  7 0.049296 0.0518242 -0.147518
AI_survey 2004 167.336  8 0.110802 0.0988863 0.516328
AI_survey 2004 167.336  9 0.0844798 0.0800407 0.211606
AI_survey 2004 167.336  10 0.0948309 0.0647847 1.57892
AI_survey 2004 167.336  11 0.0488706 0.0385223 0.695477
AI_survey 2004 167.336  12 0.0308364 0.0259048 0.401529
AI_survey 2004 167.336  13 0.0269138 0.02577 0.093364
AI_survey 2004 167.336  14 0.0326228 0.0365325 -0.269536
AI_survey 2004 167.336  15 0.0212118 0.052651 -1.82082
AI_survey 2004 167.336  16 0.0463063 0.0576316 -0.628595
AI_survey 2004 167.336  17 0.0358566 0.047105 -0.68673
AI_survey 2004 167.336  18 0.0434737 0.0400189 0.227985
AI_survey 2004 167.336  19 0.0409724 0.0414437 -0.0305839
AI_survey 2004 167.336  20 0.045023 0.0415744 0.223455
AI_survey 2004 167.336  21 0.0155763 0.0334956 -1.28812
AI_survey 2004 167.336  22 0.0143906 0.0243115 -0.833098
AI_survey 2004 167.336  23 0.020804 0.0200074 0.0735744
AI_survey 2004 167.336  24 0.0189785 0.0168185 0.217224
AI_survey 2004 167.336  25 0.0102693 0.0127231 -0.283111
AI_survey 2004 167.336  26 0.00604909 0.00923242 -0.430328
AI_survey 2004 167.336  27 0.00736453 0.00718522 0.0274442
AI_survey 2004 167.336  28 0.00843001 0.00592938 0.420985
AI_survey 2004 167.336  29 0.0052884 0.00483782 0.0839184
AI_survey 2004 167.336  30 0.00120827 0.00396745 -0.56707
AI_survey 2004 167.336  31 0.00166721 0.00348813 -0.398958
AI_survey 2004 167.336  32 0.000671878 0.00327178 -0.588045
AI_survey 2004 167.336  33 0.00661548 0.0030549 0.833247
AI_survey 2004 167.336  34 0 0.0026999 -0.671823
AI_survey 2004 167.336  35 0.00581219 0.00224706 0.971827
AI_survey 2004 167.336  36 0.0027179 0.00181248 0.274605
AI_survey 2004 167.336  37 0.00137561 0.00148207 -0.0356775
AI_survey 2004 167.336  38 0.00158332 0.00130932 0.0976477
AI_survey 2004 167.336  39 0.00423293 0.00130711 1.04356
AI_survey 2004 167.336  40 0.0521066 0.0252834 2.20985
AI_survey 2006 109.814  3 0.00454001 0.00308928 0.2735
AI_survey 2006 109.814  4 0.00564111 0.0100691 -0.464542
AI_survey 2006 109.814  5 0.020117 0.0215722 -0.10494
AI_survey 2006 109.814  6 0.0967323 0.074248 0.89865
AI_survey 2006 109.814  7 0.0740622 0.0531536 0.976585
AI_survey 2006 109.814  8 0.0784446 0.0766813 0.0694392
AI_survey 2006 109.814  9 0.0939416 0.065503 1.20444
AI_survey 2006 109.814  10 0.0730983 0.0901587 -0.624181
AI_survey 2006 109.814  11 0.0593438 0.0738257 -0.580334
AI_survey 2006 109.814  12 0.0674044 0.0538083 0.631377
AI_survey 2006 109.814  13 0.0303219 0.0330109 -0.157697
AI_survey 2006 109.814  14 0.00756303 0.0216625 -1.0147
AI_survey 2006 109.814  15 0.0161531 0.021494 -0.385837
AI_survey 2006 109.814  16 0.0303773 0.0295942 0.0484151
AI_survey 2006 109.814  17 0.0210574 0.0410467 -1.0557
AI_survey 2006 109.814  18 0.0412303 0.0445678 -0.169469
AI_survey 2006 109.814  19 0.0328079 0.0379841 -0.283722
AI_survey 2006 109.814  20 0.0179731 0.0328116 -0.87274
AI_survey 2006 109.814  21 0.0281437 0.0331209 -0.291421
AI_survey 2006 109.814  22 0.0147398 0.0325835 -1.05304
AI_survey 2006 109.814  23 0.0254843 0.0269006 -0.0917172
AI_survey 2006 109.814  24 0.0280418 0.0201259 0.590561
AI_survey 2006 109.814  25 0.014163 0.0162322 -0.171539
AI_survey 2006 109.814  26 0.00636351 0.0134665 -0.645551
AI_survey 2006 109.814  27 0.0109308 0.0103522 0.0598688
AI_survey 2006 109.814  28 0.00613248 0.00763025 -0.180255
AI_survey 2006 109.814  29 0.0134661 0.00589408 1.03574
AI_survey 2006 109.814  30 0.000539911 0.00480899 -0.646003
AI_survey 2006 109.814  31 0.00190704 0.00394164 -0.339844
AI_survey 2006 109.814  32 0.00484725 0.00326105 0.291109
AI_survey 2006 109.814  33 0.00827856 0.00285581 1.06304
AI_survey 2006 109.814  34 0.00294021 0.00264436 0.0602555
AI_survey 2006 109.814  35 0.00106467 0.00245099 -0.293205
AI_survey 2006 109.814  36 0.00156666 0.00217443 -0.13642
AI_survey 2006 109.814  37 0.000539911 0.00183082 -0.315588
AI_survey 2006 109.814  38 0.00212759 0.00151582 0.164247
AI_survey 2006 109.814  39 0 0.00131877 -0.379369
AI_survey 2006 109.814  40 0.0579136 0.0226101 2.4881
AI_survey 2010 162.107  3 0.00423406 0.00439391 -0.0307366
AI_survey 2010 162.107  4 0.00521345 0.0115576 -0.755405
AI_survey 2010 162.107  5 0.0173698 0.0323194 -1.07614
AI_survey 2010 162.107  6 0.0280817 0.0389004 -0.712292
AI_survey 2010 162.107  7 0.00978627 0.0288541 -1.45005
AI_survey 2010 162.107  8 0.0294372 0.0420662 -0.800913
AI_survey 2010 162.107  9 0.0563175 0.0578312 -0.0825608
AI_survey 2010 162.107  10 0.144053 0.0997663 1.88141
AI_survey 2010 162.107  11 0.0997219 0.0739691 1.25274
AI_survey 2010 162.107  12 0.085765 0.06396 1.13455
AI_survey 2010 162.107  13 0.0319746 0.0579008 -1.41324
AI_survey 2010 162.107  14 0.0727691 0.0610805 0.621389
AI_survey 2010 162.107  15 0.0350579 0.0526984 -1.00514
AI_survey 2010 162.107  16 0.0449847 0.0371544 0.527034
AI_survey 2010 162.107  17 0.0125169 0.023932 -0.950738
AI_survey 2010 162.107  18 0.00828511 0.016259 -0.802516
AI_survey 2010 162.107  19 0.00771675 0.015984 -0.839042
AI_survey 2010 162.107  20 0.0203305 0.0209711 -0.0569009
AI_survey 2010 162.107  21 0.0310586 0.0273094 0.292834
AI_survey 2010 162.107  22 0.0253871 0.0295136 -0.310385
AI_survey 2010 162.107  23 0.0217057 0.0268202 -0.402996
AI_survey 2010 162.107  24 0.0266665 0.0239356 0.227433
AI_survey 2010 162.107  25 0.0242023 0.0231764 0.0867907
AI_survey 2010 162.107  26 0.0361046 0.022098 1.21287
AI_survey 2010 162.107  27 0.0213829 0.018818 0.240267
AI_survey 2010 162.107  28 0.0118395 0.014731 -0.305473
AI_survey 2010 162.107  29 0.0140637 0.01167 0.283666
AI_survey 2010 162.107  30 0.00742467 0.00945102 -0.266508
AI_survey 2010 162.107  31 0.00299546 0.00739313 -0.653174
AI_survey 2010 162.107  32 0.00382601 0.00558962 -0.300914
AI_survey 2010 162.107  33 0.00596227 0.00430164 0.322693
AI_survey 2010 162.107  34 0.00293407 0.00344918 -0.111703
AI_survey 2010 162.107  35 0.00278575 0.00283337 -0.0113868
AI_survey 2010 162.107  36 0.00202148 0.00237754 -0.0928904
AI_survey 2010 162.107  37 0 0.00208002 -0.579893
AI_survey 2010 162.107  38 0.00335722 0.00191377 0.419414
AI_survey 2010 162.107  39 0.00522267 0.00181294 1.01772
AI_survey 2010 162.107  40 0.0374439 0.0211272 1.44427
AI_survey 2012 177.795  3 0.00282724 0.00504125 -0.416426
AI_survey 2012 177.795  4 0.0144218 0.0187992 -0.429651
AI_survey 2012 177.795  5 0.0107932 0.0169613 -0.636751
AI_survey 2012 177.795  6 0.0152454 0.0338175 -1.3698
AI_survey 2012 177.795  7 0.0498032 0.0662932 -0.883711
AI_survey 2012 177.795  8 0.053461 0.0622939 -0.487276
AI_survey 2012 177.795  9 0.0256585 0.039108 -0.925001
AI_survey 2012 177.795  10 0.0549934 0.0424995 0.825746
AI_survey 2012 177.795  11 0.0767677 0.0560243 1.20263
AI_survey 2012 177.795  12 0.10716 0.0819242 1.2269
AI_survey 2012 177.795  13 0.0567801 0.0658059 -0.485361
AI_survey 2012 177.795  14 0.0384157 0.0535305 -0.895299
AI_survey 2012 177.795  15 0.0480797 0.0492241 -0.0705311
AI_survey 2012 177.795  16 0.0486457 0.049395 -0.0461061
AI_survey 2012 177.795  17 0.0385192 0.0430602 -0.298254
AI_survey 2012 177.795  18 0.0246901 0.0308742 -0.476627
AI_survey 2012 177.795  19 0.00760131 0.0203284 -1.20224
AI_survey 2012 177.795  20 0.0089367 0.0142484 -0.597411
AI_survey 2012 177.795  21 0.0105669 0.01394 -0.383483
AI_survey 2012 177.795  22 0.0124311 0.0178112 -0.542231
AI_survey 2012 177.795  23 0.0319456 0.0225745 0.841016
AI_survey 2012 177.795  24 0.024386 0.0243549 0.00269122
AI_survey 2012 177.795  25 0.0130812 0.0226385 -0.856543
AI_survey 2012 177.795  26 0.021501 0.0204506 0.0989331
AI_survey 2012 177.795  27 0.0424775 0.0194804 2.21817
AI_survey 2012 177.795  28 0.0200259 0.0183308 0.168446
AI_survey 2012 177.795  29 0.0149828 0.0157421 -0.0813106
AI_survey 2012 177.795  30 0.0104291 0.0125304 -0.251787
AI_survey 2012 177.795  31 0.0130743 0.00991715 0.424623
AI_survey 2012 177.795  32 0.011977 0.00795849 0.602665
AI_survey 2012 177.795  33 0.00842952 0.00624875 0.368712
AI_survey 2012 177.795  34 0.0173839 0.00477189 2.43772
AI_survey 2012 177.795  35 0.00411105 0.00368183 0.0943673
AI_survey 2012 177.795  36 0.00277866 0.00294325 -0.0404433
AI_survey 2012 177.795  37 0.00537288 0.00242313 0.798345
AI_survey 2012 177.795  38 0.00346442 0.00206143 0.411462
AI_survey 2012 177.795  39 0.00334705 0.00185786 0.459881
AI_survey 2012 177.795  40 0.0454342 0.0210537 2.26389
AI_survey 2014 172.565  3 0.00192822 0.00622552 -0.717123
AI_survey 2014 172.565  4 0.00764481 0.00781972 -0.0260685
AI_survey 2014 172.565  5 0.0165638 0.0198216 -0.306952
AI_survey 2014 172.565  6 0.0525226 0.0524118 0.00653244
AI_survey 2014 172.565  7 0.0326069 0.0401686 -0.50583
AI_survey 2014 172.565  8 0.0638929 0.0527209 0.656659
AI_survey 2014 172.565  9 0.114606 0.0778699 1.80081
AI_survey 2014 172.565  10 0.132039 0.0655682 3.52743
AI_survey 2014 172.565  11 0.0650705 0.0398671 1.69205
AI_survey 2014 172.565  12 0.0366909 0.0378542 -0.0800675
AI_survey 2014 172.565  13 0.0556186 0.0491907 0.3904
AI_survey 2014 172.565  14 0.0632501 0.0651534 -0.101301
AI_survey 2014 172.565  15 0.04775 0.0556372 -0.451969
AI_survey 2014 172.565  16 0.0231168 0.0447526 -1.37448
AI_survey 2014 172.565  17 0.0167029 0.041238 -1.62073
AI_survey 2014 172.565  18 0.0314786 0.040287 -0.588396
AI_survey 2014 172.565  19 0.0175442 0.0352838 -1.26291
AI_survey 2014 172.565  20 0.0154001 0.0258905 -0.867586
AI_survey 2014 172.565  21 0.00755046 0.0174463 -0.99261
AI_survey 2014 172.565  22 0.00669204 0.0125919 -0.694788
AI_survey 2014 172.565  23 0.00970533 0.0122573 -0.304553
AI_survey 2014 172.565  24 0.00584136 0.015207 -1.00503
AI_survey 2014 172.565  25 0.0133306 0.0187919 -0.528186
AI_survey 2014 172.565  26 0.0165756 0.0202271 -0.340655
AI_survey 2014 172.565  27 0.00918943 0.0191259 -0.952753
AI_survey 2014 172.565  28 0.0186455 0.0174444 0.12048
AI_survey 2014 172.565  29 0.00918758 0.0163967 -0.745486
AI_survey 2014 172.565  30 0.0151798 0.0152507 -0.00759215
AI_survey 2014 172.565  31 0.0112761 0.0131774 -0.218947
AI_survey 2014 172.565  32 0.00685647 0.010633 -0.483463
AI_survey 2014 172.565  33 0.0051845 0.0084298 -0.466022
AI_survey 2014 172.565  34 0.00665109 0.00672587 -0.0120102
AI_survey 2014 172.565  35 0.00763164 0.00529497 0.422559
AI_survey 2014 172.565  36 0.00453965 0.00408609 0.0932875
AI_survey 2014 172.565  37 0.00309185 0.00317193 -0.0186781
AI_survey 2014 172.565  38 0.00304949 0.00255121 0.129504
AI_survey 2014 172.565  39 0.00278475 0.00215578 0.177735
AI_survey 2014 172.565  40 0.0426093 0.0212741 1.94186
AI_survey 2016 172.565  3 0.00163788 0.00469873 -0.587342
AI_survey 2016 172.565  4 0.00669562 0.0120414 -0.643578
AI_survey 2016 172.565  5 0.00935059 0.0218214 -1.12104
AI_survey 2016 172.565  6 0.0128726 0.0241172 -0.962655
AI_survey 2016 172.565  7 0.034253 0.0429116 -0.56119
AI_survey 2016 172.565  8 0.106861 0.0789133 1.36167
AI_survey 2016 172.565  9 0.0513318 0.0555976 -0.244529
AI_survey 2016 172.565  10 0.0738172 0.0554282 1.05564
AI_survey 2016 172.565  11 0.109674 0.0706617 1.99975
AI_survey 2016 172.565  12 0.0742073 0.0583902 0.88606
AI_survey 2016 172.565  13 0.0302067 0.0365928 -0.446739
AI_survey 2016 172.565  14 0.0204052 0.0329048 -0.920335
AI_survey 2016 172.565  15 0.031599 0.0418437 -0.672036
AI_survey 2016 172.565  16 0.0301993 0.0521145 -1.29516
AI_survey 2016 172.565  17 0.0270407 0.0465857 -1.21815
AI_survey 2016 172.565  18 0.0359383 0.0380524 -0.145136
AI_survey 2016 172.565  19 0.027746 0.0349311 -0.513997
AI_survey 2016 172.565  20 0.0352564 0.0335789 0.12231
AI_survey 2016 172.565  21 0.034157 0.0294406 0.366465
AI_survey 2016 172.565  22 0.0179012 0.0220887 -0.3742
AI_survey 2016 172.565  23 0.0116917 0.0152468 -0.381008
AI_survey 2016 172.565  24 0.00598421 0.0112679 -0.657296
AI_survey 2016 172.565  25 0.0181824 0.0108706 0.925861
AI_survey 2016 172.565  26 0.00881111 0.0130737 -0.492767
AI_survey 2016 172.565  27 0.0167903 0.0157681 0.107752
AI_survey 2016 172.565  28 0.00823698 0.0169262 -0.884624
AI_survey 2016 172.565  29 0.0137459 0.0162126 -0.256498
AI_survey 2016 172.565  30 0.0189872 0.0149056 0.442339
AI_survey 2016 172.565  31 0.021163 0.0138811 0.817315
AI_survey 2016 172.565  32 0.0124169 0.0127813 -0.0425991
AI_survey 2016 172.565  33 0.00946871 0.0110917 -0.203474
AI_survey 2016 172.565  34 0.00916152 0.00905495 0.0147716
AI_survey 2016 172.565  35 0.00894061 0.00721473 0.267701
AI_survey 2016 172.565  36 0.00796818 0.00574703 0.385664
AI_survey 2016 172.565  37 0.0048348 0.00453993 0.0575575
AI_survey 2016 172.565  38 0.00852476 0.00355004 1.09722
AI_survey 2016 172.565  39 0.00083472 0.00282499 -0.491733
AI_survey 2016 172.565  40 0.0431059 0.0223285 1.84691
AI_survey 2018 156.877  3 0.00145758 0.00455077 -0.57499
AI_survey 2018 156.877  4 0.0114189 0.0142803 -0.301967
AI_survey 2018 156.877  5 0.00494024 0.0182077 -1.24255
AI_survey 2018 156.877  6 0.0108933 0.0355359 -1.66699
AI_survey 2018 156.877  7 0.024121 0.0474885 -1.37601
AI_survey 2018 156.877  8 0.0202745 0.0410508 -1.31141
AI_survey 2018 156.877  9 0.0405457 0.0532546 -0.708849
AI_survey 2018 156.877  10 0.0978023 0.0776207 0.944642
AI_survey 2018 156.877  11 0.0379113 0.0566651 -1.01588
AI_survey 2018 156.877  12 0.0672163 0.0505548 0.952439
AI_survey 2018 156.877  13 0.0604261 0.0591405 0.0682541
AI_survey 2018 156.877  14 0.043899 0.0493036 -0.312637
AI_survey 2018 156.877  15 0.0272366 0.0324748 -0.37008
AI_survey 2018 156.877  16 0.0247713 0.0286935 -0.29421
AI_survey 2018 156.877  17 0.0331896 0.0355134 -0.157244
AI_survey 2018 156.877  18 0.0265313 0.042532 -0.993007
AI_survey 2018 156.877  19 0.0311021 0.039332 -0.530224
AI_survey 2018 156.877  20 0.0370359 0.0329383 0.287518
AI_survey 2018 156.877  21 0.0377615 0.0300696 0.56404
AI_survey 2018 156.877  22 0.0390401 0.0285172 0.791718
AI_survey 2018 156.877  23 0.0303495 0.0249749 0.431302
AI_survey 2018 156.877  24 0.0194094 0.0190806 0.0300943
AI_survey 2018 156.877  25 0.0171802 0.0134648 0.403615
AI_survey 2018 156.877  26 0.00702498 0.0101314 -0.388334
AI_survey 2018 156.877  27 0.00921625 0.00966333 -0.0572118
AI_survey 2018 156.877  28 0.0125325 0.011267 0.150113
AI_survey 2018 156.877  29 0.0246938 0.0132777 1.24876
AI_survey 2018 156.877  30 0.0243512 0.014205 1.07354
AI_survey 2018 156.877  31 0.0264849 0.0137522 1.36887
AI_survey 2018 156.877  32 0.0222087 0.0127347 1.05788
AI_survey 2018 156.877  33 0.0274 0.0117914 1.81032
AI_survey 2018 156.877  34 0.0137072 0.0107786 0.355071
AI_survey 2018 156.877  35 0.00581607 0.00938562 -0.463427
AI_survey 2018 156.877  36 0.0126092 0.00774702 0.694154
AI_survey 2018 156.877  37 0.00627013 0.00621973 0.00802244
AI_survey 2018 156.877  38 0.00528751 0.00497794 0.0550387
AI_survey 2018 156.877  39 0.00294199 0.00399793 -0.20933
AI_survey 2018 156.877  40 0.054942 0.024826 2.42381
AI_survey 2022 183.024  3 0.000497681 0.00448909 -0.806857
AI_survey 2022 183.024  4 0.00280751 0.00376008 -0.210279
AI_survey 2022 183.024  5 0.00654453 0.0121911 -0.69583
AI_survey 2022 183.024  6 0.0521532 0.0401778 0.824902
AI_survey 2022 183.024  7 0.0309363 0.0429276 -0.800258
AI_survey 2022 183.024  8 0.0713825 0.064162 0.398612
AI_survey 2022 183.024  9 0.0509963 0.055635 -0.273759
AI_survey 2022 183.024  10 0.0554774 0.05797 -0.144286
AI_survey 2022 183.024  11 0.0508328 0.0555027 -0.275912
AI_survey 2022 183.024  12 0.0280662 0.0429993 -0.995796
AI_survey 2022 183.024  13 0.0457461 0.0450987 0.0422023
AI_survey 2022 183.024  14 0.0498355 0.0535211 -0.221516
AI_survey 2022 183.024  15 0.0311663 0.0441671 -0.855925
AI_survey 2022 183.024  16 0.0453893 0.0380604 0.51811
AI_survey 2022 183.024  17 0.0481946 0.0397044 0.588165
AI_survey 2022 183.024  18 0.0328418 0.0342408 -0.104067
AI_survey 2022 183.024  19 0.0132276 0.0251912 -1.03264
AI_survey 2022 183.024  20 0.00748781 0.0225141 -1.37003
AI_survey 2022 183.024  21 0.0164908 0.0262238 -0.823844
AI_survey 2022 183.024  22 0.0201919 0.0299153 -0.772058
AI_survey 2022 183.024  23 0.0151631 0.0288301 -1.1048
AI_survey 2022 183.024  24 0.0215182 0.0252602 -0.322556
AI_survey 2022 183.024  25 0.0205034 0.0227794 -0.20633
AI_survey 2022 183.024  26 0.0220937 0.0209757 0.105525
AI_survey 2022 183.024  27 0.01642 0.0182123 -0.181282
AI_survey 2022 183.024  28 0.0133282 0.0142729 -0.107709
AI_survey 2022 183.024  29 0.00691348 0.0104614 -0.471527
AI_survey 2022 183.024  30 0.0121208 0.00807608 0.610987
AI_survey 2022 183.024  31 0.00840403 0.0075013 0.141445
AI_survey 2022 183.024  32 0.0125747 0.00824561 0.647249
AI_survey 2022 183.024  33 0.0194792 0.00933174 1.42704
AI_survey 2022 183.024  34 0.01639 0.00991559 0.883574
AI_survey 2022 183.024  35 0.0154984 0.00976436 0.78851
AI_survey 2022 183.024  36 0.0132675 0.00918517 0.578614
AI_survey 2022 183.024  37 0.0267906 0.00849648 2.69492
AI_survey 2022 183.024  38 0.0119057 0.00774392 0.641887
AI_survey 2022 183.024  39 0.0120863 0.00685474 0.85718
AI_survey 2022 183.024  40 0.0752765 0.0356414 2.89186
EBS_survey 2002 67.1821  3 0.0010779 0.000488896 0.216198
EBS_survey 2002 67.1821  4 0.0010586 0.00174829 -0.134932
EBS_survey 2002 67.1821  5 0.00180105 0.00222909 -0.0742276
EBS_survey 2002 67.1821  6 0.00386036 0.00753884 -0.348338
EBS_survey 2002 67.1821  7 0.0133835 0.0096812 0.309758
EBS_survey 2002 67.1821  8 0.0100626 0.014608 -0.310419
EBS_survey 2002 67.1821  9 0.0222134 0.0135369 0.615195
EBS_survey 2002 67.1821  10 0.0213387 0.0173792 0.248276
EBS_survey 2002 67.1821  11 0.0400635 0.0263269 0.703101
EBS_survey 2002 67.1821  12 0.0599003 0.0511311 0.326288
EBS_survey 2002 67.1821  13 0.0744646 0.0872337 -0.370888
EBS_survey 2002 67.1821  14 0.0931286 0.103209 -0.271583
EBS_survey 2002 67.1821  15 0.0905787 0.0837999 0.200512
EBS_survey 2002 67.1821  16 0.0692131 0.0730754 -0.121631
EBS_survey 2002 67.1821  17 0.0413078 0.0789607 -1.14434
EBS_survey 2002 67.1821  18 0.076371 0.0817197 -0.16003
EBS_survey 2002 67.1821  19 0.0553283 0.0638769 -0.286518
EBS_survey 2002 67.1821  20 0.052388 0.04475 0.302765
EBS_survey 2002 67.1821  21 0.0355657 0.03799 -0.103927
EBS_survey 2002 67.1821  22 0.0167447 0.032289 -0.720661
EBS_survey 2002 67.1821  23 0.046352 0.0238953 1.20498
EBS_survey 2002 67.1821  24 0.0233087 0.0170515 0.39604
EBS_survey 2002 67.1821  25 0.0208951 0.0134242 0.531906
EBS_survey 2002 67.1821  26 0.0161066 0.0112214 0.379966
EBS_survey 2002 67.1821  27 0.00366463 0.00909205 -0.46842
EBS_survey 2002 67.1821  28 0 0.00736741 -0.705664
EBS_survey 2002 67.1821  29 0 0.00651234 -0.663106
EBS_survey 2002 67.1821  30 0 0.00620299 -0.64704
EBS_survey 2002 67.1821  31 0.00176121 0.00583544 -0.438063
EBS_survey 2002 67.1821  32 0.00164803 0.00514279 -0.400079
EBS_survey 2002 67.1821  33 0.00159867 0.00423946 -0.332751
EBS_survey 2002 67.1821  34 0.00786967 0.0033753 0.634212
EBS_survey 2002 67.1821  35 0 0.0027283 -0.427931
EBS_survey 2002 67.1821  36 0 0.00235324 -0.39724
EBS_survey 2002 67.1821  37 0 0.00222217 -0.385945
EBS_survey 2002 67.1821  38 0 0.00230946 -0.393503
EBS_survey 2002 67.1821  39 0.0104982 0.00253486 1.29552
EBS_survey 2002 67.1821  40 0.0864467 0.0429186 1.76015
EBS_survey 2004 82.9897  3 0.000475276 0.00047222 0.00126795
EBS_survey 2004 82.9897  4 0.00069438 0.00255155 -0.33471
EBS_survey 2004 82.9897  5 0.00183733 0.00227997 -0.0843621
EBS_survey 2004 82.9897  6 0.00816643 0.0060057 0.254554
EBS_survey 2004 82.9897  7 0.00660475 0.00922717 -0.249724
EBS_survey 2004 82.9897  8 0.0262148 0.0241577 0.122028
EBS_survey 2004 82.9897  9 0.0384226 0.030142 0.441132
EBS_survey 2004 82.9897  10 0.0188771 0.0370778 -0.877387
EBS_survey 2004 82.9897  11 0.0349093 0.0301486 0.253586
EBS_survey 2004 82.9897  12 0.027281 0.0285703 -0.0704926
EBS_survey 2004 82.9897  13 0.0242409 0.034484 -0.511321
EBS_survey 2004 82.9897  14 0.0787808 0.0541862 0.989618
EBS_survey 2004 82.9897  15 0.096347 0.0811276 0.507777
EBS_survey 2004 82.9897  16 0.0509765 0.0903214 -1.25037
EBS_survey 2004 82.9897  17 0.0502803 0.074637 -0.844251
EBS_survey 2004 82.9897  18 0.0303652 0.0639943 -1.25166
EBS_survey 2004 82.9897  19 0.0492247 0.066567 -0.633751
EBS_survey 2004 82.9897  20 0.0537613 0.0668806 -0.47838
EBS_survey 2004 82.9897  21 0.0598421 0.0539188 0.238892
EBS_survey 2004 82.9897  22 0.0198248 0.0391541 -0.907736
EBS_survey 2004 82.9897  23 0.0206309 0.0322336 -0.598367
EBS_survey 2004 82.9897  24 0.0571907 0.0270998 1.68793
EBS_survey 2004 82.9897  25 0.0168273 0.020502 -0.23617
EBS_survey 2004 82.9897  26 0.0175907 0.0148776 0.204089
EBS_survey 2004 82.9897  27 0.0342762 0.0115789 1.93196
EBS_survey 2004 82.9897  28 0.0220259 0.00955522 1.16719
EBS_survey 2004 82.9897  29 0.000245329 0.00779619 -0.781611
EBS_survey 2004 82.9897  30 0.00559846 0.00639359 -0.090811
EBS_survey 2004 82.9897  31 0 0.00562117 -0.68433
EBS_survey 2004 82.9897  32 0.00494235 0.00527252 -0.0414936
EBS_survey 2004 82.9897  33 0 0.00492302 -0.64012
EBS_survey 2004 82.9897  34 0.00351905 0.00435093 -0.11501
EBS_survey 2004 82.9897  35 0.00494235 0.00362118 0.200096
EBS_survey 2004 82.9897  36 2.45552e-005 0.00292084 -0.488084
EBS_survey 2004 82.9897  37 0.000280715 0.00238838 -0.392533
EBS_survey 2004 82.9897  38 0 0.00210999 -0.417914
EBS_survey 2004 82.9897  39 0 0.00210643 -0.417558
EBS_survey 2004 82.9897  40 0.134779 0.0407447 4.33256
EBS_survey 2008 79.0378  3 0.000185957 0.000834979 -0.198581
EBS_survey 2008 79.0378  4 0.000479666 0.00114918 -0.174926
EBS_survey 2008 79.0378  5 0.0013346 0.00115666 0.0463419
EBS_survey 2008 79.0378  6 0.00508887 0.00302452 0.33367
EBS_survey 2008 79.0378  7 0.00633033 0.00858873 -0.217459
EBS_survey 2008 79.0378  8 0.0151167 0.0241694 -0.523948
EBS_survey 2008 79.0378  9 0.031601 0.027093 0.246806
EBS_survey 2008 79.0378  10 0.0125845 0.0436074 -1.35037
EBS_survey 2008 79.0378  11 0.0300678 0.0552679 -0.980374
EBS_survey 2008 79.0378  12 0.0854338 0.0823706 0.0990507
EBS_survey 2008 79.0378  13 0.069333 0.0779036 -0.284274
EBS_survey 2008 79.0378  14 0.0451173 0.060901 -0.586711
EBS_survey 2008 79.0378  15 0.0394697 0.0404572 -0.044553
EBS_survey 2008 79.0378  16 0.0241309 0.0278812 -0.202488
EBS_survey 2008 79.0378  17 0.0320437 0.0281392 0.209872
EBS_survey 2008 79.0378  18 0.0645627 0.0381255 1.22719
EBS_survey 2008 79.0378  19 0.102271 0.0512873 2.05463
EBS_survey 2008 79.0378  20 0.0305844 0.0555872 -0.970064
EBS_survey 2008 79.0378  21 0.0256298 0.0491262 -0.966403
EBS_survey 2008 79.0378  22 0.0467698 0.043225 0.15495
EBS_survey 2008 79.0378  23 0.024617 0.0426887 -0.794663
EBS_survey 2008 79.0378  24 0.046165 0.0413089 0.216919
EBS_survey 2008 79.0378  25 0.0204376 0.034729 -0.69384
EBS_survey 2008 79.0378  26 0.018416 0.0266445 -0.454171
EBS_survey 2008 79.0378  27 0.0210346 0.0212363 -0.0124352
EBS_survey 2008 79.0378  28 0.0192384 0.0173935 0.125431
EBS_survey 2008 79.0378  29 0.00905982 0.0135084 -0.342479
EBS_survey 2008 79.0378  30 0.0129553 0.0100933 0.254422
EBS_survey 2008 79.0378  31 0.0123654 0.00777342 0.46455
EBS_survey 2008 79.0378  32 0.00581185 0.00627921 -0.0525584
EBS_survey 2008 79.0378  33 0.00439838 0.00515639 -0.0939992
EBS_survey 2008 79.0378  34 0.00273486 0.00429594 -0.211956
EBS_survey 2008 79.0378  35 0 0.0037546 -0.545055
EBS_survey 2008 79.0378  36 0.00230287 0.00344652 -0.173239
EBS_survey 2008 79.0378  37 0 0.00317922 -0.50129
EBS_survey 2008 79.0378  38 0 0.0028577 -0.475107
EBS_survey 2008 79.0378  39 0.00876221 0.00251938 1.10495
EBS_survey 2008 79.0378  40 0.123565 0.0332394 4.479
EBS_survey 2010 79.0378  3 0.00025524 0.000362929 -0.0495856
EBS_survey 2010 79.0378  4 0.000277861 0.00093637 -0.190394
EBS_survey 2010 79.0378  5 0.000286387 0.00276908 -0.41927
EBS_survey 2010 79.0378  6 0.000878681 0.00385537 -0.426477
EBS_survey 2010 79.0378  7 0.00260076 0.00436815 -0.23799
EBS_survey 2010 79.0378  8 0.00358701 0.00975507 -0.557647
EBS_survey 2010 79.0378  9 0.0108642 0.0255627 -0.827802
EBS_survey 2010 79.0378  10 0.0396616 0.0560828 -0.634459
EBS_survey 2010 79.0378  11 0.0289614 0.0557175 -1.03695
EBS_survey 2010 79.0378  12 0.0649742 0.0657973 -0.0295125
EBS_survey 2010 79.0378  13 0.0495132 0.0696215 -0.702365
EBS_survey 2010 79.0378  14 0.0855134 0.08153 0.129407
EBS_survey 2010 79.0378  15 0.0549266 0.0730234 -0.618339
EBS_survey 2010 79.0378  16 0.0399173 0.052975 -0.518236
EBS_survey 2010 79.0378  17 0.0208727 0.0346707 -0.670433
EBS_survey 2010 79.0378  18 0.039147 0.0238028 0.894722
EBS_survey 2010 79.0378  19 0.0395306 0.0235379 0.937641
EBS_survey 2010 79.0378  20 0.0871749 0.0309452 2.88632
EBS_survey 2010 79.0378  21 0.0711687 0.0403239 1.39381
EBS_survey 2010 79.0378  22 0.0451457 0.0435894 0.0677557
EBS_survey 2010 79.0378  23 0.033894 0.0396176 -0.260837
EBS_survey 2010 79.0378  24 0.0352324 0.0353609 -0.00618266
EBS_survey 2010 79.0378  25 0.032307 0.0342416 -0.0945689
EBS_survey 2010 79.0378  26 0.0162368 0.0326492 -0.820914
EBS_survey 2010 79.0378  27 0.0180239 0.0278034 -0.528726
EBS_survey 2010 79.0378  28 0.015821 0.021765 -0.362078
EBS_survey 2010 79.0378  29 0.0300849 0.0172425 0.87684
EBS_survey 2010 79.0378  30 0.0151061 0.013964 0.0865014
EBS_survey 2010 79.0378  31 0.0243914 0.0109235 1.15141
EBS_survey 2010 79.0378  32 0.0197684 0.00825875 1.12996
EBS_survey 2010 79.0378  33 0.00335082 0.00635574 -0.335903
EBS_survey 2010 79.0378  34 0.00115894 0.00509622 -0.491106
EBS_survey 2010 79.0378  35 0.00414018 0.00418635 -0.00635012
EBS_survey 2010 79.0378  36 0 0.00351285 -0.527104
EBS_survey 2010 79.0378  37 0.00038274 0.00307327 -0.431439
EBS_survey 2010 79.0378  38 0 0.00282762 -0.472584
EBS_survey 2010 79.0378  39 0 0.00267865 -0.459887
EBS_survey 2010 79.0378  40 0.0648439 0.0312158 1.71891
EBS_survey 2012 86.9416  3 0.0012129 0.000404679 0.370151
EBS_survey 2012 86.9416  4 0.000999264 0.0014775 -0.115704
EBS_survey 2012 86.9416  5 0.00341315 0.0014346 0.485737
EBS_survey 2012 86.9416  6 0.00233275 0.00366892 -0.205785
EBS_survey 2012 86.9416  7 0.0087101 0.00950005 -0.0758924
EBS_survey 2012 86.9416  8 0.0163583 0.0124941 0.324248
EBS_survey 2012 86.9416  9 0.0422249 0.0137248 2.28324
EBS_survey 2012 86.9416  10 0.0894545 0.0244795 3.91972
EBS_survey 2012 86.9416  11 0.075788 0.0488569 1.16477
EBS_survey 2012 86.9416  12 0.0694476 0.0840673 -0.491229
EBS_survey 2012 86.9416  13 0.0477121 0.0752772 -0.974113
EBS_survey 2012 86.9416  14 0.0668035 0.0693105 -0.0920298
EBS_survey 2012 86.9416  15 0.0460195 0.0672761 -0.791172
EBS_survey 2012 86.9416  16 0.0652169 0.0695742 -0.159675
EBS_survey 2012 86.9416  17 0.0429959 0.0613298 -0.712429
EBS_survey 2012 86.9416  18 0.0273307 0.0442794 -0.768136
EBS_survey 2012 86.9416  19 0.0203575 0.0292794 -0.493369
EBS_survey 2012 86.9416  20 0.0375145 0.0205773 1.11218
EBS_survey 2012 86.9416  21 0.0518113 0.0201629 2.09898
EBS_survey 2012 86.9416  22 0.0444999 0.0257759 1.10152
EBS_survey 2012 86.9416  23 0.0222075 0.0326746 -0.548887
EBS_survey 2012 86.9416  24 0.0296446 0.0352537 -0.283555
EBS_survey 2012 86.9416  25 0.0180996 0.0327705 -0.768244
EBS_survey 2012 86.9416  26 0.00796286 0.0296042 -1.19035
EBS_survey 2012 86.9416  27 0.0216638 0.0282002 -0.368095
EBS_survey 2012 86.9416  28 0.0297931 0.0265362 0.188912
EBS_survey 2012 86.9416  29 0.0175998 0.0227887 -0.324148
EBS_survey 2012 86.9416  30 0.00824684 0.0181394 -0.690984
EBS_survey 2012 86.9416  31 0.0192481 0.0143564 0.383303
EBS_survey 2012 86.9416  32 0.00600541 0.011521 -0.481716
EBS_survey 2012 86.9416  33 0.0120584 0.00904593 0.296519
EBS_survey 2012 86.9416  34 0.00788818 0.00690796 0.11027
EBS_survey 2012 86.9416  35 0.00764912 0.00532995 0.296715
EBS_survey 2012 86.9416  36 0.00536871 0.00426076 0.15842
EBS_survey 2012 86.9416  37 0 0.00350782 -0.552433
EBS_survey 2012 86.9416  38 0.00351655 0.0029842 0.0908494
EBS_survey 2012 86.9416  39 0.00274828 0.0026895 0.0105621
EBS_survey 2012 86.9416  40 0.0200958 0.0304782 -0.563077
EBS_survey 2016 79.0378  3 0.0007349 0.000378254 0.160946
EBS_survey 2016 79.0378  4 0.000753247 0.000947763 -0.055905
EBS_survey 2016 79.0378  5 0.000767945 0.00180881 -0.217177
EBS_survey 2016 79.0378  6 0.000405413 0.00247233 -0.369276
EBS_survey 2016 79.0378  7 0.00560771 0.00695259 -0.143791
EBS_survey 2016 79.0378  8 0.0103458 0.0167982 -0.446232
EBS_survey 2016 79.0378  9 0.0443965 0.0185172 1.70619
EBS_survey 2016 79.0378  10 0.0415101 0.0331523 0.414962
EBS_survey 2016 79.0378  11 0.063135 0.056102 0.271687
EBS_survey 2016 79.0378  12 0.0293494 0.0554563 -1.01403
EBS_survey 2016 79.0378  13 0.0764483 0.0415151 1.55672
EBS_survey 2016 79.0378  14 0.10451 0.0428667 2.70526
EBS_survey 2016 79.0378  15 0.0530256 0.0576543 -0.176531
EBS_survey 2016 79.0378  16 0.0403107 0.0732905 -1.12497
EBS_survey 2016 79.0378  17 0.0219369 0.066088 -1.57985
EBS_survey 2016 79.0378  18 0.0514066 0.0544179 -0.118007
EBS_survey 2016 79.0378  19 0.0215563 0.0501762 -1.1654
EBS_survey 2016 79.0378  20 0.02613 0.0483262 -0.920064
EBS_survey 2016 79.0378  21 0.0178512 0.0424041 -1.08312
EBS_survey 2016 79.0378  22 0.0405896 0.0318278 0.443672
EBS_survey 2016 79.0378  23 0.0190646 0.0219751 -0.176465
EBS_survey 2016 79.0378  24 0.00859228 0.0162432 -0.53792
EBS_survey 2016 79.0378  25 0.0216321 0.0156721 0.42648
EBS_survey 2016 79.0378  26 0.0311042 0.0188489 0.800971
EBS_survey 2016 79.0378  27 0.0439181 0.0227338 1.26326
EBS_survey 2016 79.0378  28 0.026282 0.0244036 0.108206
EBS_survey 2016 79.0378  29 0.0228452 0.0233748 -0.0311555
EBS_survey 2016 79.0378  30 0.0200502 0.0214904 -0.0882778
EBS_survey 2016 79.0378  31 0.0156358 0.0200134 -0.277824
EBS_survey 2016 79.0378  32 0.0362256 0.0184277 1.17617
EBS_survey 2016 79.0378  33 0.0197756 0.0159917 0.268088
EBS_survey 2016 79.0378  34 0.011219 0.0130552 -0.143756
EBS_survey 2016 79.0378  35 0.014229 0.010402 0.335181
EBS_survey 2016 79.0378  36 0.000653832 0.00828592 -0.748062
EBS_survey 2016 79.0378  37 0.00201015 0.00654555 -0.499639
EBS_survey 2016 79.0378  38 0.00716709 0.00511835 0.254994
EBS_survey 2016 79.0378  39 0.00580028 0.00407299 0.240813
EBS_survey 2016 79.0378  40 0.0430238 0.0321927 0.545443
fishery 1981 132.03  3 0.00277065 0.040043 -2.18415
fishery 1981 132.03  4 0.0444763 0.0672948 -1.04648
fishery 1981 132.03  5 0.15935 0.0783884 3.4609
fishery 1981 132.03  6 0.0672453 0.0472894 1.0802
fishery 1981 132.03  7 0.0824735 0.0463191 1.97639
fishery 1981 132.03  8 0.0600507 0.0535546 0.331518
fishery 1981 132.03  9 0.10471 0.0754534 1.27271
fishery 1981 132.03  10 0.0745881 0.077003 -0.10408
fishery 1981 132.03  11 0.0552789 0.0717218 -0.732185
fishery 1981 132.03  12 0.0484153 0.0528591 -0.228185
fishery 1981 132.03  13 0.0140012 0.0378599 -1.43622
fishery 1981 132.03  14 0.0353846 0.0323357 0.198017
fishery 1981 132.03  15 0.0202251 0.026865 -0.471784
fishery 1981 132.03  16 0.00681577 0.020428 -1.10543
fishery 1981 132.03  17 0 0.0190813 -1.60219
fishery 1981 132.03  18 0.00457794 0.0257368 -1.53508
fishery 1981 132.03  19 0.00255314 0.0313024 -1.89676
fishery 1981 132.03  20 0.00255314 0.0248459 -1.64532
fishery 1981 132.03  21 0.0062957 0.013017 -0.681106
fishery 1981 132.03  22 0.00929275 0.00611914 0.467223
fishery 1981 132.03  23 0.0104778 0.00436332 1.06474
fishery 1981 132.03  24 0.00322687 0.00403277 -0.145935
fishery 1981 132.03  25 0.00406615 0.00307839 0.204546
fishery 1981 132.03  26 0 0.00177427 -0.483074
fishery 1981 132.03  27 0.00486524 0.000936707 1.46779
fishery 1981 132.03  28 0 0.000623365 -0.284701
fishery 1981 132.03  29 0.00255314 0.000554811 0.96644
fishery 1981 132.03  30 0.00203307 0.000580712 0.686834
fishery 1981 132.03  31 0.00713936 0.000663571 2.86803
fishery 1981 132.03  32 0.00910523 0.000796039 3.36428
fishery 1981 132.03  33 0.00446569 0.000973481 1.28017
fishery 1981 132.03  34 0.0118259 0.00118636 3.53662
fishery 1981 132.03  35 0.00457794 0.0014209 0.959671
fishery 1981 132.03  36 0.0107265 0.00167975 2.53096
fishery 1981 132.03  37 0.0129192 0.00192978 2.86982
fishery 1981 132.03  38 0.00794773 0.00229082 1.35667
fishery 1981 132.03  39 0.0136622 0.00289009 2.30178
fishery 1981 132.03  40 0.0893502 0.122707 -1.16815
fishery 1982 86.1066  3 0 0.0597415 -2.33883
fishery 1982 86.1066  4 0.0101707 0.0426885 -1.49248
fishery 1982 86.1066  5 0.0662457 0.0692024 -0.108096
fishery 1982 86.1066  6 0.0494656 0.0792485 -1.02304
fishery 1982 86.1066  7 0.077105 0.0500174 1.153
fishery 1982 86.1066  8 0.0746995 0.0469442 1.2175
fishery 1982 86.1066  9 0.0571315 0.0540711 0.125559
fishery 1982 86.1066  10 0.102802 0.0726306 1.07871
fishery 1982 86.1066  11 0.0603195 0.0733296 -0.463093
fishery 1982 86.1066  12 0.0931798 0.065857 1.02212
fishery 1982 86.1066  13 0.0687026 0.0479661 0.900361
fishery 1982 86.1066  14 0.0339486 0.0334788 0.0242315
fishery 1982 86.1066  15 0.0469443 0.0275157 1.10192
fishery 1982 86.1066  16 0.0278838 0.0224511 0.340215
fishery 1982 86.1066  17 0.0324828 0.0171323 1.0974
fishery 1982 86.1066  18 0.0121054 0.0160512 -0.291261
fishery 1982 86.1066  19 0.00330936 0.0210332 -1.14588
fishery 1982 86.1066  20 0.00628484 0.0250235 -1.11301
fishery 1982 86.1066  21 0.0095255 0.020152 -0.701559
fishery 1982 86.1066  22 0.0242887 0.0110321 1.17716
fishery 1982 86.1066  23 0.006159 0.0054039 0.095488
fishery 1982 86.1066  24 0.0164782 0.00380703 1.90679
fishery 1982 86.1066  25 0 0.0034519 -0.545346
fishery 1982 86.1066  26 0.00810532 0.00265752 0.980089
fishery 1982 86.1066  27 0 0.00158299 -0.368329
fishery 1982 86.1066  28 0.00232434 0.000857791 0.462162
fishery 1982 86.1066  29 0 0.000566521 -0.219004
fishery 1982 86.1066  30 0 0.000499035 -0.205299
fishery 1982 86.1066  31 0 0.000519897 -0.209631
fishery 1982 86.1066  32 0.00284965 0.000591571 0.854562
fishery 1982 86.1066  33 0 0.000707663 -0.245211
fishery 1982 86.1066  34 0 0.000862743 -0.27111
fishery 1982 86.1066  35 0.00490963 0.00104932 1.10118
fishery 1982 86.1066  36 0.00529982 0.0012742 1.04307
fishery 1982 86.1066  37 0.0172983 0.00150761 3.76416
fishery 1982 86.1066  38 0.00538078 0.00186087 0.755849
fishery 1982 86.1066  39 0.00517398 0.00244963 0.510367
fishery 1982 86.1066  40 0.0694257 0.114783 -1.32034
fishery 1990 103.328  3 4.37263e-005 0.0135034 -1.18499
fishery 1990 103.328  4 0.0026723 0.0309289 -1.65883
fishery 1990 103.328  5 0.00898008 0.0371463 -1.51371
fishery 1990 103.328  6 0.0721789 0.100144 -0.946904
fishery 1990 103.328  7 0.0917623 0.0517168 1.83797
fishery 1990 103.328  8 0.0806923 0.0620491 0.785488
fishery 1990 103.328  9 0.137334 0.0982554 1.33448
fishery 1990 103.328  10 0.167744 0.0988536 2.34613
fishery 1990 103.328  11 0.0824409 0.0721545 0.404085
fishery 1990 103.328  12 0.123266 0.0549935 3.04398
fishery 1990 103.328  13 0.070502 0.0584884 0.520357
fishery 1990 103.328  14 0.0367347 0.0549887 -0.813905
fishery 1990 103.328  15 0.0187927 0.0378272 -1.01407
fishery 1990 103.328  16 0.0117503 0.0261985 -0.919324
fishery 1990 103.328  17 0.00690763 0.0233646 -1.10719
fishery 1990 103.328  18 0.00652162 0.0229823 -1.11639
fishery 1990 103.328  19 0.00600438 0.0207031 -1.04909
fishery 1990 103.328  20 0 0.0163397 -1.30972
fishery 1990 103.328  21 0.00625556 0.011646 -0.510512
fishery 1990 103.328  22 0.00300714 0.00803961 -0.572476
fishery 1990 103.328  23 0.00210389 0.00599263 -0.511746
fishery 1990 103.328  24 0 0.00486115 -0.709729
fishery 1990 103.328  25 0 0.00429367 -0.666737
fishery 1990 103.328  26 0.00451676 0.00450077 0.00242428
fishery 1990 103.328  27 0.00425069 0.0053133 -0.148439
fishery 1990 103.328  28 0 0.00575556 -0.772736
fishery 1990 103.328  29 0 0.00503132 -0.722131
fishery 1990 103.328  30 0 0.00351813 -0.603137
fishery 1990 103.328  31 0.00210389 0.00217808 -0.016139
fishery 1990 103.328  32 0.00600438 0.00144452 1.21623
fishery 1990 103.328  33 0 0.00110584 -0.336699
fishery 1990 103.328  34 0 0.00085069 -0.294879
fishery 1990 103.328  35 0 0.000587951 -0.244482
fishery 1990 103.328  36 0.000903252 0.000379831 0.26953
fishery 1990 103.328  37 0.00550848 0.000261413 3.23794
fishery 1990 103.328  38 0.00200486 0.000283279 1.02202
fishery 1990 103.328  39 0.000903252 0.000476338 0.196827
fishery 1990 103.328  40 0.0381106 0.0528421 -0.669294
fishery 1998 166.473  3 0 0.00552142 -0.960525
fishery 1998 166.473  4 0.0020535 0.00881422 -0.93272
fishery 1998 166.473  5 0.00243194 0.00559563 -0.546731
fishery 1998 166.473  6 0.00289703 0.00763062 -0.701397
fishery 1998 166.473  7 0.00613804 0.0108021 -0.581888
fishery 1998 166.473  8 0.0372102 0.0264838 0.861755
fishery 1998 166.473  9 0.0841947 0.0593074 1.35937
fishery 1998 166.473  10 0.194556 0.0868598 4.93367
fishery 1998 166.473  11 0.0953917 0.0745328 1.02467
fishery 1998 166.473  12 0.0905371 0.082973 0.353789
fishery 1998 166.473  13 0.10343 0.105097 -0.070132
fishery 1998 166.473  14 0.129767 0.127193 0.0996566
fishery 1998 166.473  15 0.0499888 0.0910008 -1.83974
fishery 1998 166.473  16 0.0286472 0.0585489 -1.64314
fishery 1998 166.473  17 0.0648203 0.0533854 0.656245
fishery 1998 166.473  18 0.0258949 0.0438497 -1.13125
fishery 1998 166.473  19 0.0152759 0.0288362 -1.04533
fishery 1998 166.473  20 0.0140468 0.0181596 -0.397299
fishery 1998 166.473  21 0.0153101 0.0135438 0.197081
fishery 1998 166.473  22 0.00512997 0.010988 -0.724718
fishery 1998 166.473  23 0.00638359 0.00828562 -0.270566
fishery 1998 166.473  24 0.00344511 0.00623669 -0.457148
fishery 1998 166.473  25 0.00272883 0.00543776 -0.474839
fishery 1998 166.473  26 0.00146877 0.00527453 -0.677268
fishery 1998 166.473  27 0.00228038 0.00500076 -0.497097
fishery 1998 166.473  28 0 0.00435924 -0.852766
fishery 1998 166.473  29 0.00261512 0.00351369 -0.195655
fishery 1998 166.473  30 0.00233767 0.00273591 -0.098192
fishery 1998 166.473  31 0.00136442 0.00217701 -0.224438
fishery 1998 166.473  32 0 0.00184749 -0.553597
fishery 1998 166.473  33 0 0.00171756 -0.533632
fishery 1998 166.473  34 0 0.00175594 -0.539607
fishery 1998 166.473  35 0 0.00186668 -0.556486
fishery 1998 166.473  36 0.000811608 0.00188229 -0.317871
fishery 1998 166.473  37 0 0.00168293 -0.528185
fishery 1998 166.473  38 0 0.00134083 -0.471018
fishery 1998 166.473  39 0 0.00103606 -0.413529
fishery 1998 166.473  40 0.00884455 0.0247262 -1.31929
fishery 2000 126.29  3 0 0.00337484 -0.652986
fishery 2000 126.29  4 0.0083958 0.0132644 -0.478059
fishery 2000 126.29  5 0.00684992 0.0118878 -0.522155
fishery 2000 126.29  6 0.011622 0.0165777 -0.436047
fishery 2000 126.29  7 0.0119396 0.0116832 0.0268005
fishery 2000 126.29  8 0.0223869 0.0138696 0.818147
fishery 2000 126.29  9 0.0250121 0.0196178 0.437007
fishery 2000 126.29  10 0.0671944 0.0421846 1.39806
fishery 2000 126.29  11 0.076405 0.0823107 -0.241466
fishery 2000 126.29  12 0.138076 0.107257 1.11917
fishery 2000 126.29  13 0.0779038 0.0885502 -0.421118
fishery 2000 126.29  14 0.0705969 0.083501 -0.524177
fishery 2000 126.29  15 0.0996555 0.0940998 0.213831
fishery 2000 126.29  16 0.109377 0.100893 0.316536
fishery 2000 126.29  17 0.0525016 0.0737325 -0.912909
fishery 2000 126.29  18 0.0475101 0.046277 0.0659546
fishery 2000 126.29  19 0.0444486 0.0380875 0.373429
fishery 2000 126.29  20 0.0198934 0.0308722 -0.713172
fishery 2000 126.29  21 0.0269036 0.0209956 0.462984
fishery 2000 126.29  22 0.0250915 0.0137375 1.0958
fishery 2000 126.29  23 0.00865047 0.0103389 -0.187486
fishery 2000 126.29  24 0.00484603 0.00846138 -0.443308
fishery 2000 126.29  25 0.005159 0.00664297 -0.20514
fishery 2000 126.29  26 0.00206954 0.00522931 -0.491862
fishery 2000 126.29  27 0 0.00462167 -0.764931
fishery 2000 126.29  28 0.00339415 0.00446388 -0.180132
fishery 2000 126.29  29 0.000805165 0.00422892 -0.592218
fishery 2000 126.29  30 0.0019649 0.00371326 -0.322599
fishery 2000 126.29  31 0 0.00302471 -0.617973
fishery 2000 126.29  32 0.00370261 0.00237059 0.307165
fishery 2000 126.29  33 0 0.00188355 -0.486894
fishery 2000 126.29  34 0 0.00158812 -0.446797
fishery 2000 126.29  35 0.00159252 0.00146289 0.0379847
fishery 2000 126.29  36 0 0.00147276 -0.430133
fishery 2000 126.29  37 0.00186758 0.00153366 0.0955854
fishery 2000 126.29  38 0 0.00154949 -0.441286
fishery 2000 126.29  39 0 0.001466 -0.429136
fishery 2000 126.29  40 0.0241844 0.0231733 0.0755085
fishery 2001 132.03  3 0.00513815 0.00784309 -0.352117
fishery 2001 132.03  4 0.00090205 0.0057171 -0.733191
fishery 2001 132.03  5 0.00838654 0.0186831 -0.873545
fishery 2001 132.03  6 0.00557621 0.0175848 -1.04952
fishery 2001 132.03  7 0.0225948 0.0227242 -0.00997987
fishery 2001 132.03  8 0.0302764 0.0164686 1.24626
fishery 2001 132.03  9 0.038451 0.0181591 1.74572
fishery 2001 132.03  10 0.0179414 0.0250035 -0.519623
fishery 2001 132.03  11 0.0334418 0.0496985 -0.859459
fishery 2001 132.03  12 0.086553 0.0898343 -0.131848
fishery 2001 132.03  13 0.139567 0.110803 1.05293
fishery 2001 132.03  14 0.0768777 0.0897984 -0.519273
fishery 2001 132.03  15 0.082231 0.0793569 0.122172
fishery 2001 132.03  16 0.0863997 0.0851018 0.0534419
fishery 2001 132.03  17 0.0776685 0.0873452 -0.393795
fishery 2001 132.03  18 0.0732644 0.0645468 0.407622
fishery 2001 132.03  19 0.0505342 0.0408703 0.560784
fishery 2001 132.03  20 0.0271456 0.0325589 -0.350414
fishery 2001 132.03  21 0.033831 0.0263457 0.536912
fishery 2001 132.03  22 0.0116568 0.0183472 -0.572679
fishery 2001 132.03  23 0.0206469 0.0123235 0.866553
fishery 2001 132.03  24 0.0089489 0.00935682 -0.0486584
fishery 2001 132.03  25 0.00948093 0.00769871 0.234147
fishery 2001 132.03  26 0.00366476 0.00613393 -0.363081
fishery 2001 132.03  27 0.00331533 0.00491041 -0.261933
fishery 2001 132.03  28 0.00819502 0.00435037 0.670472
fishery 2001 132.03  29 0 0.00417667 -0.743265
fishery 2001 132.03  30 0.00726471 0.00394512 0.607717
fishery 2001 132.03  31 0 0.00346615 -0.676692
fishery 2001 132.03  32 0.00175091 0.00282983 -0.232969
fishery 2001 132.03  33 0.00414532 0.00222204 0.46829
fishery 2001 132.03  34 0.00169358 0.00176286 -0.0189251
fishery 2001 132.03  35 0 0.00148171 -0.441145
fishery 2001 132.03  36 0 0.00136099 -0.422642
fishery 2001 132.03  37 0 0.00135966 -0.422433
fishery 2001 132.03  38 0.00191149 0.00142449 0.147851
fishery 2001 132.03  39 0 0.0014782 -0.440619
fishery 2001 132.03  40 0.0205449 0.0229284 -0.182945
fishery 2002 126.29  3 0.000314872 0.00354974 -0.610388
fishery 2002 126.29  4 0.00750196 0.0106242 -0.342075
fishery 2002 126.29  5 0.00980497 0.00941805 0.0449936
fishery 2002 126.29  6 0.0339832 0.0264414 0.528152
fishery 2002 126.29  7 0.0256738 0.0257396 -0.00466626
fishery 2002 126.29  8 0.0739611 0.0307922 2.80775
fishery 2002 126.29  9 0.0432485 0.022608 1.56007
fishery 2002 126.29  10 0.026833 0.0230441 0.283722
fishery 2002 126.29  11 0.0369291 0.0303982 0.427433
fishery 2002 126.29  12 0.0594776 0.0554677 0.196856
fishery 2002 126.29  13 0.0906665 0.0930531 -0.0923153
fishery 2002 126.29  14 0.0847197 0.109297 -0.885187
fishery 2002 126.29  15 0.0523358 0.0874756 -1.39764
fishery 2002 126.29  16 0.0720858 0.0736077 -0.0654905
fishery 2002 126.29  17 0.0851833 0.0756687 0.404275
fishery 2002 126.29  18 0.0704552 0.0751063 -0.198302
fishery 2002 126.29  19 0.0349933 0.0562169 -1.03538
fishery 2002 126.29  20 0.0413553 0.0362816 0.304883
fishery 2002 126.29  21 0.0237859 0.0283774 -0.310697
fishery 2002 126.29  22 0.0126466 0.0230245 -0.777435
fishery 2002 126.29  23 0.0148417 0.0164374 -0.14099
fishery 2002 126.29  24 0.0176031 0.0113256 0.66639
fishery 2002 126.29  25 0.0123898 0.00867909 0.449311
fishery 2002 126.29  26 0.00475392 0.00716075 -0.32056
fishery 2002 126.29  27 0.00683148 0.00577762 0.156127
fishery 2002 126.29  28 0.00506442 0.00468136 0.0629959
fishery 2002 126.29  29 0.00723527 0.00414425 0.540061
fishery 2002 126.29  30 0.00165456 0.00394998 -0.410734
fishery 2002 126.29  31 0.00318369 0.00371066 -0.0972669
fishery 2002 126.29  32 0.00648539 0.00325697 0.635785
fishery 2002 126.29  33 0.00152542 0.00266444 -0.247844
fishery 2002 126.29  34 0.00423109 0.00209456 0.523926
fishery 2002 126.29  35 0 0.0016608 -0.456986
fishery 2002 126.29  36 0 0.00139515 -0.418551
fishery 2002 126.29  37 0 0.00127763 -0.400381
fishery 2002 126.29  38 0.00169503 0.00128939 0.126546
fishery 2002 126.29  39 0 0.00138511 -0.41703
fishery 2002 126.29  40 0.0265496 0.022917 0.272753
fishery 2003 114.809  3 0 0.0117788 -1.16931
fishery 2003 114.809  4 0.00893012 0.00619922 0.372502
fishery 2003 114.809  5 0.0151551 0.0152414 -0.00754967
fishery 2003 114.809  6 0.00427522 0.0149735 -0.94357
fishery 2003 114.809  7 0.0358097 0.0365837 -0.0441726
fishery 2003 114.809  8 0.0651571 0.0362685 1.65544
fishery 2003 114.809  9 0.0520148 0.0401432 0.647944
fishery 2003 114.809  10 0.0398501 0.0294263 0.660791
fishery 2003 114.809  11 0.0424817 0.0276017 0.973022
fishery 2003 114.809  12 0.0309583 0.0343625 -0.200213
fishery 2003 114.809  13 0.0416337 0.0575711 -0.733066
fishery 2003 114.809  14 0.0912818 0.0902132 0.0399634
fishery 2003 114.809  15 0.0780568 0.101795 -0.841138
fishery 2003 114.809  16 0.0482787 0.0809841 -1.28446
fishery 2003 114.809  17 0.06085 0.0659432 -0.219879
fishery 2003 114.809  18 0.0768058 0.0654807 0.490511
fishery 2003 114.809  19 0.0847912 0.0634832 0.936289
fishery 2003 114.809  20 0.0477435 0.0482435 -0.024999
fishery 2003 114.809  21 0.030208 0.0320197 -0.110243
fishery 2003 114.809  22 0.0284629 0.0249086 0.244323
fishery 2003 114.809  23 0.0402046 0.0203113 1.5107
fishery 2003 114.809  24 0.0178784 0.0148354 0.269614
fishery 2003 114.809  25 0.0144117 0.0104685 0.414937
fishery 2003 114.809  26 0.00326804 0.00807776 -0.575383
fishery 2003 114.809  27 0.00227057 0.0066754 -0.579175
fishery 2003 114.809  28 0.00145328 0.0054312 -0.579403
fishery 2003 114.809  29 0.0055984 0.0044373 0.186972
fishery 2003 114.809  30 0.0026941 0.00391782 -0.209627
fishery 2003 114.809  31 0.00461677 0.00369755 0.162057
fishery 2003 114.809  32 0 0.00345097 -0.629626
fishery 2003 114.809  33 0 0.00302451 -0.589194
fishery 2003 114.809  34 0.00226028 0.00247722 -0.0466679
fishery 2003 114.809  35 0 0.0019515 -0.472594
fishery 2003 114.809  36 0 0.00155088 -0.420939
fishery 2003 114.809  37 0.00561359 0.0013042 1.27455
fishery 2003 114.809  38 0 0.00121545 -0.372258
fishery 2003 114.809  39 0 0.00126744 -0.38021
fishery 2003 114.809  40 0.0169857 0.0226844 -0.410004
fishery 2004 160.732  3 0.00295515 0.00335517 -0.087571
fishery 2004 160.732  4 0.00991272 0.0159656 -0.612041
fishery 2004 160.732  5 0.0032864 0.0102383 -0.875115
fishery 2004 160.732  6 0.0202068 0.0216934 -0.129341
fishery 2004 160.732  7 0.0274297 0.0229011 0.383724
fishery 2004 160.732  8 0.0753171 0.0492278 1.52872
fishery 2004 160.732  9 0.0624508 0.0490331 0.787699
fishery 2004 160.732  10 0.0723876 0.0501965 1.28836
fishery 2004 160.732  11 0.0386535 0.0363201 0.158105
fishery 2004 160.732  12 0.0167336 0.0312489 -1.05752
fishery 2004 160.732  13 0.0234151 0.036523 -0.885778
fishery 2004 160.732  14 0.0324435 0.0565592 -1.32345
fishery 2004 160.732  15 0.0778382 0.0835725 -0.26268
fishery 2004 160.732  16 0.0782757 0.0913841 -0.576704
fishery 2004 160.732  17 0.0455752 0.0727418 -1.32607
fishery 2004 160.732  18 0.0642798 0.0581693 0.33095
fishery 2004 160.732  19 0.0493124 0.0562984 -0.38422
fishery 2004 160.732  20 0.0757315 0.053763 1.23473
fishery 2004 160.732  21 0.0537268 0.0415987 0.76998
fishery 2004 160.732  22 0.029167 0.028535 0.0481185
fishery 2004 160.732  23 0.0211374 0.0222793 -0.098074
fishery 2004 160.732  24 0.0196658 0.0182472 0.134336
fishery 2004 160.732  25 0.0201906 0.0136168 0.718863
fishery 2004 160.732  26 0.012018 0.00979437 0.286119
fishery 2004 160.732  27 0.0159265 0.00759484 1.2159
fishery 2004 160.732  28 0.00317123 0.00627099 -0.497433
fishery 2004 160.732  29 0.00345206 0.00512796 -0.297182
fishery 2004 160.732  30 0.00368617 0.00421233 -0.102875
fishery 2004 160.732  31 0.00351528 0.00369922 -0.0383618
fishery 2004 160.732  32 0.00246572 0.00345345 -0.213152
fishery 2004 160.732  33 0.00401869 0.00319991 0.183515
fishery 2004 160.732  34 0.00176523 0.00279846 -0.247528
fishery 2004 160.732  35 0 0.00229594 -0.606862
fishery 2004 160.732  36 0.00232986 0.00181574 0.152683
fishery 2004 160.732  37 0 0.00144754 -0.481049
fishery 2004 160.732  38 0.00117923 0.00124084 -0.022099
fishery 2004 160.732  39 0.00113252 0.00120291 -0.025638
fishery 2004 160.732  40 0.0252472 0.0223771 0.245962
fishery 2005 137.771  3 0 0.00433045 -0.773194
fishery 2005 137.771  4 0.00433642 0.00579693 -0.225618
fishery 2005 137.771  5 0.0219383 0.0225971 -0.0520254
fishery 2005 137.771  6 0.00608753 0.0161197 -0.934741
fishery 2005 137.771  7 0.0382304 0.0298095 0.58111
fishery 2005 137.771  8 0.0143795 0.0328751 -1.21733
fishery 2005 137.771  9 0.0807313 0.0627602 0.869671
fishery 2005 137.771  10 0.0646756 0.0620839 0.126052
fishery 2005 137.771  11 0.0647498 0.0588476 0.29435
fishery 2005 137.771  12 0.049765 0.0416681 0.475542
fishery 2005 137.771  13 0.0157774 0.0330081 -1.13187
fishery 2005 137.771  14 0.0173639 0.0362927 -1.18785
fishery 2005 137.771  15 0.0438256 0.0525468 -0.458735
fishery 2005 137.771  16 0.0860406 0.0739319 0.543137
fishery 2005 137.771  17 0.0677684 0.0789966 -0.488571
fishery 2005 137.771  18 0.0514492 0.0633014 -0.571266
fishery 2005 137.771  19 0.0492297 0.0503823 -0.0618454
fishery 2005 137.771  20 0.0622362 0.0479585 0.784212
fishery 2005 137.771  21 0.0628655 0.0454518 0.981184
fishery 2005 137.771  22 0.0404385 0.0358816 0.287529
fishery 2005 137.771  23 0.0295727 0.0254562 0.306706
fishery 2005 137.771  24 0.0289452 0.0200071 0.74905
fishery 2005 137.771  25 0.0229634 0.016456 0.6002
fishery 2005 137.771  26 0.00757169 0.012485 -0.519177
fishery 2005 137.771  27 0.0135082 0.00913047 0.539925
fishery 2005 137.771  28 0.00914444 0.00709856 0.285836
fishery 2005 137.771  29 0.00322732 0.00584107 -0.402252
fishery 2005 137.771  30 0.00329655 0.00478991 -0.253612
fishery 2005 137.771  31 0.00273125 0.00394298 -0.226664
fishery 2005 137.771  32 0 0.00343815 -0.688431
fishery 2005 137.771  33 0.00313339 0.00317402 -0.00846504
fishery 2005 137.771  34 0.00499606 0.00291815 0.451382
fishery 2005 137.771  35 0.00155559 0.00254744 -0.230504
fishery 2005 137.771  36 0 0.00209608 -0.536669
fishery 2005 137.771  37 0.00469799 0.0016645 0.870846
fishery 2005 137.771  38 0.00302678 0.00135249 0.532766
fishery 2005 137.771  39 0.00340361 0.00120832 0.738673
fishery 2005 137.771  40 0.0163372 0.0217534 -0.435694
fishery 2006 120.549  3 0 0.00231236 -0.527446
fishery 2006 120.549  4 0.000723221 0.00594854 -0.745457
fishery 2006 120.549  5 0.0032909 0.00955095 -0.70631
fishery 2006 120.549  6 0.0511702 0.0312337 1.25819
fishery 2006 120.549  7 0.026388 0.0241747 0.158183
fishery 2006 120.549  8 0.0577033 0.0394437 1.02984
fishery 2006 120.549  9 0.0453195 0.0443259 0.0530019
fishery 2006 120.549  10 0.0915514 0.0756184 0.661628
fishery 2006 120.549  11 0.0928595 0.0735793 0.810743
fishery 2006 120.549  12 0.0631008 0.0646718 -0.0701287
fishery 2006 120.549  13 0.0324012 0.0446014 -0.648838
fishery 2006 120.549  14 0.0138029 0.0328587 -1.17348
fishery 2006 120.549  15 0.0134262 0.0341569 -1.25298
fishery 2006 120.549  16 0.0550251 0.0467949 0.427812
fishery 2006 120.549  17 0.0527585 0.0632805 -0.474468
fishery 2006 120.549  18 0.0640953 0.0665768 -0.109285
fishery 2006 120.549  19 0.0346586 0.0540204 -0.94031
fishery 2006 120.549  20 0.0521496 0.0433029 0.477167
fishery 2006 120.549  21 0.052099 0.040939 0.618309
fishery 2006 120.549  22 0.0589359 0.0387543 1.14791
fishery 2006 120.549  23 0.0219829 0.0312356 -0.583915
fishery 2006 120.549  24 0.0186829 0.0228405 -0.305489
fishery 2006 120.549  25 0.0258825 0.0180931 0.641472
fishery 2006 120.549  26 0.0208554 0.0149123 0.538198
fishery 2006 120.549  27 0.00623917 0.0114708 -0.539192
fishery 2006 120.549  28 0.00600362 0.008494 -0.297777
fishery 2006 120.549  29 0.00141508 0.00660203 -0.702695
fishery 2006 120.549  30 0.00510256 0.00540892 -0.0458178
fishery 2006 120.549  31 0.00256279 0.00443295 -0.30874
fishery 2006 120.549  32 0.00597578 0.00364708 0.42357
fishery 2006 120.549  33 0.00283017 0.00315828 -0.0641026
fishery 2006 120.549  34 0.0022319 0.00288278 -0.133063
fishery 2006 120.549  35 0.0024267 0.00263113 -0.0437329
fishery 2006 120.549  36 0 0.00229501 -0.525451
fishery 2006 120.549  37 0 0.00189454 -0.477096
fishery 2006 120.549  38 0 0.00153045 -0.428462
fishery 2006 120.549  39 0 0.00129393 -0.393685
fishery 2006 120.549  40 0.0163493 0.0210314 -0.358176
fishery 2007 149.251  3 0 0.00611192 -0.957253
fishery 2007 149.251  4 0 0.00380967 -0.75451
fishery 2007 149.251  5 0 0.00853871 -1.13309
fishery 2007 149.251  6 0.00132676 0.0149031 -1.36842
fishery 2007 149.251  7 0.0500382 0.0418181 0.50163
fishery 2007 149.251  8 0.0456775 0.0342881 0.764542
fishery 2007 149.251  9 0.1074 0.0497899 3.23545
fishery 2007 149.251  10 0.0565766 0.0557275 0.0452159
fishery 2007 149.251  11 0.101989 0.0852802 0.730811
fishery 2007 149.251  12 0.0880404 0.0809934 0.315541
fishery 2007 149.251  13 0.0553826 0.0662627 -0.534339
fishery 2007 149.251  14 0.0256993 0.0444753 -1.11259
fishery 2007 149.251  15 0.0220179 0.0309333 -0.628983
fishery 2007 149.251  16 0.0152398 0.0306187 -1.09037
fishery 2007 149.251  17 0.0309172 0.0401785 -0.576089
fishery 2007 149.251  18 0.0325741 0.0526681 -1.09891
fishery 2007 149.251  19 0.048335 0.0549719 -0.355711
fishery 2007 149.251  20 0.0287122 0.0454287 -0.980598
fishery 2007 149.251  21 0.0476987 0.0370669 0.687414
fishery 2007 149.251  22 0.0456325 0.0350856 0.700186
fishery 2007 149.251  23 0.053829 0.0333072 1.39701
fishery 2007 149.251  24 0.0229111 0.0273596 -0.333092
fishery 2007 149.251  25 0.0227234 0.0205497 0.187141
fishery 2007 149.251  26 0.0181619 0.0163741 0.172045
fishery 2007 149.251  27 0.0233117 0.013506 1.03745
fishery 2007 149.251  28 0.0169233 0.010489 0.771226
fishery 2007 149.251  29 0.00599524 0.00783681 -0.254982
fishery 2007 149.251  30 0.00649675 0.00608262 0.065016
fishery 2007 149.251  31 0.00713805 0.00494768 0.380993
fishery 2007 149.251  32 0.00269937 0.00404435 -0.25858
fishery 2007 149.251  33 0 0.00332417 -0.704488
fishery 2007 149.251  34 0.00244612 0.00285714 -0.0939135
fishery 2007 149.251  35 0.00209956 0.002582 -0.115918
fishery 2007 149.251  36 0.00144957 0.00234244 -0.225165
fishery 2007 149.251  37 0 0.00204207 -0.551289
fishery 2007 149.251  38 0 0.00170894 -0.503999
fishery 2007 149.251  39 0 0.00143053 -0.460795
fishery 2007 149.251  40 0.0105577 0.0202652 -0.841451
fishery 2008 137.771  3 0 0.00808777 -1.05923
fishery 2008 137.771  4 0.00186615 0.00860812 -0.856128
fishery 2008 137.771  5 0.00118654 0.00600707 -0.731629
fishery 2008 137.771  6 0.00447721 0.0120248 -0.812446
fishery 2008 137.771  7 0.0185195 0.0219657 -0.275919
fishery 2008 137.771  8 0.0996767 0.053891 2.37981
fishery 2008 137.771  9 0.0771392 0.0458569 1.75518
fishery 2008 137.771  10 0.088163 0.0596075 1.41557
fishery 2008 137.771  11 0.0757151 0.0652753 0.496047
fishery 2008 137.771  12 0.0987503 0.0899434 0.361293
fishery 2008 137.771  13 0.0861837 0.08316 0.128525
fishery 2008 137.771  14 0.0413042 0.0639261 -1.08538
fishery 2008 137.771  15 0.0177231 0.0418932 -1.41588
fishery 2008 137.771  16 0.0127742 0.027968 -1.08143
fishery 2008 137.771  17 0.0168907 0.0266184 -0.709209
fishery 2008 137.771  18 0.0238113 0.0338129 -0.649405
fishery 2008 137.771  19 0.0384984 0.0433377 -0.278932
fishery 2008 137.771  20 0.0440514 0.0451704 -0.0632356
fishery 2008 137.771  21 0.0392258 0.0382134 0.06198
fishery 2008 137.771  22 0.0213898 0.0319476 -0.70456
fishery 2008 137.771  23 0.0392683 0.0304177 0.604819
fishery 2008 137.771  24 0.0373694 0.0289565 0.588789
fishery 2008 137.771  25 0.0341712 0.0242089 0.760651
fishery 2008 137.771  26 0.0193131 0.0185785 0.0638383
fishery 2008 137.771  27 0.0190816 0.01487 0.408297
fishery 2008 137.771  28 0.00650643 0.0122496 -0.612593
fishery 2008 137.771  29 0.0049974 0.00957349 -0.551318
fishery 2008 137.771  30 0.00619032 0.00719768 -0.139777
fishery 2008 137.771  31 0.00118541 0.00556442 -0.690348
fishery 2008 137.771  32 0.00118541 0.00448846 -0.579349
fishery 2008 137.771  33 0.00267325 0.0036556 -0.190796
fishery 2008 137.771  34 0.00316825 0.002997 0.0367091
fishery 2008 137.771  35 0.00288882 0.00256126 0.0759184
fishery 2008 137.771  36 0 0.00229529 -0.561765
fishery 2008 137.771  37 0 0.00207103 -0.53343
fishery 2008 137.771  38 0.00121944 0.0018222 -0.165437
fishery 2008 137.771  39 0 0.00157116 -0.464145
fishery 2008 137.771  40 0.0134352 0.0196059 -0.522288
fishery 2009 154.992  3 0.000275216 0.00487692 -0.821522
fishery 2009 154.992  4 0.00150461 0.0113035 -1.15346
fishery 2009 154.992  5 0.00251061 0.012402 -1.11225
fishery 2009 154.992  6 0.0010431 0.00914173 -1.05879
fishery 2009 154.992  7 0.0193462 0.0165152 0.276456
fishery 2009 154.992  8 0.0433518 0.0305513 0.925841
fishery 2009 154.992  9 0.122591 0.0665814 2.79688
fishery 2009 154.992  10 0.0764572 0.0578171 0.994193
fishery 2009 154.992  11 0.0873886 0.067635 0.979246
fishery 2009 154.992  12 0.0770698 0.0716012 0.264045
fishery 2009 154.992  13 0.0952274 0.0894737 0.250951
fishery 2009 154.992  14 0.0611505 0.0807063 -0.893768
fishery 2009 154.992  15 0.0386797 0.0591949 -1.08219
fishery 2009 154.992  16 0.021042 0.0380386 -1.10604
fishery 2009 154.992  17 0.0180532 0.0247845 -0.538924
fishery 2009 154.992  18 0.0230673 0.0229054 0.0134736
fishery 2009 154.992  19 0.0277118 0.0284808 -0.0575463
fishery 2009 154.992  20 0.0433676 0.035955 0.495608
fishery 2009 154.992  21 0.0306675 0.0376287 -0.455357
fishery 2009 154.992  22 0.023361 0.0326757 -0.652172
fishery 2009 154.992  23 0.0219148 0.0280551 -0.462849
fishery 2009 154.992  24 0.0322018 0.0268724 0.410218
fishery 2009 154.992  25 0.034842 0.0256544 0.723329
fishery 2009 154.992  26 0.0162968 0.0217409 -0.464643
fishery 2009 154.992  27 0.0157278 0.0169822 -0.120831
fishery 2009 154.992  28 0.0144486 0.0136262 0.0882778
fishery 2009 154.992  29 0.0105191 0.011185 -0.0787866
fishery 2009 154.992  30 0.00805455 0.00877928 -0.0966646
fishery 2009 154.992  31 0.00824693 0.00662462 0.248786
fishery 2009 154.992  32 0.00138929 0.00509203 -0.647018
fishery 2009 154.992  33 0.0041861 0.00407121 0.0224363
fishery 2009 154.992  34 0 0.00329837 -0.715099
fishery 2009 154.992  35 0 0.00270022 -0.646607
fishery 2009 154.992  36 0.00118701 0.00229776 -0.288189
fishery 2009 154.992  37 0 0.00204432 -0.562102
fishery 2009 154.992  38 0.00288927 0.00185299 0.299178
fishery 2009 154.992  39 0 0.00167032 -0.507719
fishery 2009 154.992  40 0.0142296 0.0191838 -0.44953
fishery 2011 177.954  3 0 0.0102571 -1.35736
fishery 2011 177.954  4 0.000377328 0.00622264 -0.990793
fishery 2011 177.954  5 0.00465759 0.0109414 -0.80544
fishery 2011 177.954  6 0.00766911 0.0230293 -1.36577
fishery 2011 177.954  7 0.015553 0.0241307 -0.745515
fishery 2011 177.954  8 0.0147581 0.0186495 -0.383616
fishery 2011 177.954  9 0.0581305 0.0280121 2.43448
fishery 2011 177.954  10 0.047303 0.0491403 -0.113378
fishery 2011 177.954  11 0.142561 0.0872435 2.61486
fishery 2011 177.954  12 0.0683696 0.0761062 -0.389181
fishery 2011 177.954  13 0.0557271 0.0733085 -0.899776
fishery 2011 177.954  14 0.0560954 0.0718101 -0.811934
fishery 2011 177.954  15 0.0576723 0.076445 -0.94243
fishery 2011 177.954  16 0.0654955 0.0663608 -0.0463722
fishery 2011 177.954  17 0.0315794 0.0462926 -0.934009
fishery 2011 177.954  18 0.0204081 0.0291266 -0.69151
fishery 2011 177.954  19 0.0163186 0.0188271 -0.246146
fishery 2011 177.954  20 0.0232716 0.0170219 0.644331
fishery 2011 177.954  21 0.0262721 0.0208363 0.507544
fishery 2011 177.954  22 0.0320999 0.0260208 0.509302
fishery 2011 177.954  23 0.031362 0.0277236 0.295575
fishery 2011 177.954  24 0.0274988 0.0253205 0.184933
fishery 2011 177.954  25 0.0270288 0.0227511 0.382619
fishery 2011 177.954  26 0.0266521 0.0219657 0.426434
fishery 2011 177.954  27 0.0371713 0.0209738 1.50752
fishery 2011 177.954  28 0.0212244 0.0181188 0.310513
fishery 2011 177.954  29 0.0117819 0.0144815 -0.301348
fishery 2011 177.954  30 0.0161892 0.0116055 0.570668
fishery 2011 177.954  31 0.00855579 0.00941855 -0.119092
fishery 2011 177.954  32 0.00607272 0.00738812 -0.204768
fishery 2011 177.954  33 0.00735358 0.00558619 0.316052
fishery 2011 177.954  34 0.00632898 0.00424807 0.426311
fishery 2011 177.954  35 0.00398226 0.0033404 0.148175
fishery 2011 177.954  36 0.000655474 0.00268432 -0.522111
fishery 2011 177.954  37 0.00159814 0.00219647 -0.170109
fishery 2011 177.954  38 0.000941681 0.00187596 -0.287259
fishery 2011 177.954  39 0.00225263 0.00170576 0.176269
fishery 2011 177.954  40 0.0190313 0.0188331 0.019444
fishery 2013 183.694  3 0 0.00444007 -0.904112
fishery 2013 183.694  4 0 0.00760505 -1.1857
fishery 2013 183.694  5 0.0104914 0.0200208 -0.921842
fishery 2013 183.694  6 0.00910287 0.014515 -0.613102
fishery 2013 183.694  7 0.0121293 0.0229884 -0.981843
fishery 2013 183.694  8 0.0304391 0.0419206 -0.776394
fishery 2013 183.694  9 0.0517484 0.0416435 0.685473
fishery 2013 183.694  10 0.0463451 0.0315329 1.14862
fishery 2013 183.694  11 0.0536432 0.0395735 0.978015
fishery 2013 183.694  12 0.0610653 0.0614578 -0.0221455
fishery 2013 183.694  13 0.102504 0.0916105 0.511805
fishery 2013 183.694  14 0.0683326 0.0790693 -0.539233
fishery 2013 183.694  15 0.05337 0.0660253 -0.690663
fishery 2013 183.694  16 0.0406839 0.0604839 -1.12566
fishery 2013 183.694  17 0.059631 0.0582994 0.0770207
fishery 2013 183.694  18 0.054692 0.0494037 0.330709
fishery 2013 183.694  19 0.0326243 0.0343467 -0.128163
fishery 2013 183.694  20 0.0254033 0.0217857 0.335792
fishery 2013 183.694  21 0.0126549 0.0145981 -0.219514
fishery 2013 183.694  22 0.013275 0.0135241 -0.0292216
fishery 2013 183.694  23 0.0153525 0.0166604 -0.138457
fishery 2013 183.694  24 0.0244082 0.0207569 0.347029
fishery 2013 183.694  25 0.0342613 0.0224802 1.0769
fishery 2013 183.694  26 0.0142691 0.021323 -0.661653
fishery 2013 183.694  27 0.0286892 0.0197188 0.874245
fishery 2013 183.694  28 0.0283679 0.0190076 0.928809
fishery 2013 183.694  29 0.0200824 0.0180187 0.210212
fishery 2013 183.694  30 0.0170619 0.0156828 0.150393
fishery 2013 183.694  31 0.00796755 0.0126644 -0.56906
fishery 2013 183.694  32 0.0119744 0.0100648 0.259157
fishery 2013 183.694  33 0.0100427 0.00803876 0.30396
fishery 2013 183.694  34 0.00905752 0.00626683 0.478913
fishery 2013 183.694  35 0.00542925 0.00473686 0.13653
fishery 2013 183.694  36 0.00703248 0.00358286 0.781412
fishery 2013 183.694  37 0.001746 0.00278984 -0.267747
fishery 2013 183.694  38 0.00293138 0.00224996 0.194491
fishery 2013 183.694  39 0.00362781 0.00189826 0.537129
fishery 2013 183.694  40 0.0195623 0.0192148 0.0342941
fishery 2015 183.694  3 0 0.00827495 -1.2373
fishery 2015 183.694  4 0.00542685 0.0111037 -0.733931
fishery 2015 183.694  5 0.000901307 0.0100303 -1.24105
fishery 2015 183.694  6 0.00564106 0.0176161 -1.23341
fishery 2015 183.694  7 0.0314712 0.0373326 -0.418992
fishery 2015 183.694  8 0.0360504 0.0293 0.542415
fishery 2015 183.694  9 0.0358087 0.0399647 -0.287532
fishery 2015 183.694  10 0.0715227 0.062732 0.491317
fishery 2015 183.694  11 0.0726213 0.0586171 0.807928
fishery 2015 183.694  12 0.0437577 0.041775 0.134298
fishery 2015 183.694  13 0.0452321 0.0437145 0.100589
fishery 2015 183.694  14 0.0204823 0.0594896 -2.2349
fishery 2015 183.694  15 0.0460106 0.0773011 -1.58786
fishery 2015 183.694  16 0.0281808 0.0668718 -2.09911
fishery 2015 183.694  17 0.0500737 0.0522905 -0.134958
fishery 2015 183.694  18 0.0626079 0.0458071 1.08905
fishery 2015 183.694  19 0.0562161 0.04217 0.947123
fishery 2015 183.694  20 0.043787 0.0355359 0.603982
fishery 2015 183.694  21 0.0409555 0.0254053 1.33914
fishery 2015 183.694  22 0.0176261 0.0167563 0.0918186
fishery 2015 183.694  23 0.0102844 0.011972 -0.210212
fishery 2015 183.694  24 0.0115029 0.0115522 -0.00624422
fishery 2015 183.694  25 0.0236046 0.014271 1.0662
fishery 2015 183.694  26 0.0295693 0.0176478 1.22682
fishery 2015 183.694  27 0.0315524 0.0192586 1.21209
fishery 2015 183.694  28 0.0229958 0.0186796 0.431968
fishery 2015 183.694  29 0.0286202 0.0174813 1.15162
fishery 2015 183.694  30 0.0245964 0.0166596 0.840194
fishery 2015 183.694  31 0.0255302 0.0155746 1.08938
fishery 2015 183.694  32 0.0185341 0.0135311 0.5867
fishery 2015 183.694  33 0.0117212 0.0109558 0.0996124
fishery 2015 183.694  34 0.0152668 0.00863152 0.971621
fishery 2015 183.694  35 0.00658871 0.00679157 -0.0334514
fishery 2015 183.694  36 0.00587124 0.00526134 0.114155
fishery 2015 183.694  37 0.00200121 0.00398873 -0.426844
fishery 2015 183.694  38 0.00395573 0.00303435 0.226673
fishery 2015 183.694  39 0.00308542 0.00240689 0.187289
fishery 2015 183.694  40 0.0103459 0.0202134 -0.950084
fishery 2017 189.435  3 0.0017158 0.0125543 -1.33929
fishery 2017 189.435  4 0.00216692 0.010188 -1.09883
fishery 2017 189.435  5 0.0103244 0.0169267 -0.70424
fishery 2017 189.435  6 0.0227034 0.0220906 0.0573707
fishery 2017 189.435  7 0.017149 0.0202451 -0.302494
fishery 2017 189.435  8 0.022828 0.0329653 -0.781334
fishery 2017 189.435  9 0.0840059 0.0579192 1.53695
fishery 2017 189.435  10 0.0854505 0.0471533 2.48648
fishery 2017 189.435  11 0.0806577 0.054013 1.62223
fishery 2017 189.435  12 0.0899217 0.0727939 0.907339
fishery 2017 189.435  13 0.0738653 0.0639984 0.554824
fishery 2017 189.435  14 0.0342592 0.0431115 -0.59981
fishery 2017 189.435  15 0.0293354 0.0390223 -0.688414
fishery 2017 189.435  16 0.0355161 0.0479431 -0.800496
fishery 2017 189.435  17 0.0329608 0.0569738 -1.42574
fishery 2017 189.435  18 0.0361711 0.050053 -0.876138
fishery 2017 189.435  19 0.042918 0.0390563 0.274325
fishery 2017 189.435  20 0.0290379 0.0337563 -0.359531
fishery 2017 189.435  21 0.0375079 0.0308749 0.527691
fishery 2017 189.435  22 0.0234272 0.0264047 -0.255548
fishery 2017 189.435  23 0.0134131 0.0197495 -0.626645
fishery 2017 189.435  24 0.0108645 0.013752 -0.341121
fishery 2017 189.435  25 0.0131988 0.0104416 0.373159
fishery 2017 189.435  26 0.0176828 0.010363 0.994342
fishery 2017 189.435  27 0.0198573 0.012659 0.885847
fishery 2017 189.435  28 0.0170069 0.015417 0.177558
fishery 2017 189.435  29 0.0103787 0.0167883 -0.68645
fishery 2017 189.435  30 0.0120559 0.0164218 -0.472673
fishery 2017 189.435  31 0.0142461 0.0153562 -0.124219
fishery 2017 189.435  32 0.0181357 0.0143697 0.435387
fishery 2017 189.435  33 0.0150284 0.0131895 0.22177
fishery 2017 189.435  34 0.00927718 0.0113979 -0.274854
fishery 2017 189.435  35 0.00853816 0.00924027 -0.100943
fishery 2017 189.435  36 0.00248167 0.00725303 -0.773386
fishery 2017 189.435  37 0.000970583 0.00565587 -0.859145
fishery 2017 189.435  38 0.00274127 0.00438761 -0.342451
fishery 2017 189.435  39 0.00282941 0.00339396 -0.133409
fishery 2017 189.435  40 0.0193714 0.0221202 -0.257181
fishery 2019 189.435  3 0.00850509 0.0150816 -0.74244
fishery 2019 189.435  4 0.0019603 0.0116733 -1.24409
fishery 2019 189.435  5 0.0209639 0.0232737 -0.210807
fishery 2019 189.435  6 0.017983 0.0213183 -0.317744
fishery 2019 189.435  7 0.0434581 0.0311896 0.971246
fishery 2019 189.435  8 0.052809 0.0374604 1.11236
fishery 2019 189.435  9 0.0524388 0.0338135 1.41806
fishery 2019 189.435  10 0.0779074 0.0481559 1.91245
fishery 2019 189.435  11 0.0822049 0.0716732 0.561918
fishery 2019 189.435  12 0.0645852 0.0584926 0.357304
fishery 2019 189.435  13 0.0532279 0.0563587 -0.186836
fishery 2019 189.435  14 0.0515897 0.0658656 -0.792075
fishery 2019 189.435  15 0.0559794 0.0555235 0.0273981
fishery 2019 189.435  16 0.0314382 0.036766 -0.389605
fishery 2019 189.435  17 0.0188395 0.0306917 -0.945626
fishery 2019 189.435  18 0.0227959 0.0352596 -0.929978
fishery 2019 189.435  19 0.0340203 0.0399845 -0.418938
fishery 2019 189.435  20 0.0332928 0.0361714 -0.212159
fishery 2019 189.435  21 0.0244496 0.0294212 -0.404864
fishery 2019 189.435  22 0.0303359 0.0259635 0.378354
fishery 2019 189.435  23 0.020365 0.0241698 -0.340919
fishery 2019 189.435  24 0.0160189 0.021156 -0.49122
fishery 2019 189.435  25 0.0196303 0.0164861 0.33975
fishery 2019 189.435  26 0.0121193 0.0120373 0.0103359
fishery 2019 189.435  27 0.0214458 0.00952289 1.6888
fishery 2019 189.435  28 0.0119867 0.00949874 0.352844
fishery 2019 189.435  29 0.0131707 0.0113027 0.243094
fishery 2019 189.435  30 0.0137598 0.0134374 0.0385363
fishery 2019 189.435  31 0.0104719 0.0144917 -0.462805
fishery 2019 189.435  32 0.0148934 0.0141584 0.0856018
fishery 2019 189.435  33 0.0176107 0.0131521 0.538449
fishery 2019 189.435  34 0.0104321 0.0120901 -0.208721
fishery 2019 189.435  35 0.00987909 0.0109136 -0.136986
fishery 2019 189.435  36 0.00235005 0.00938333 -1.00352
fishery 2019 189.435  37 0.00432214 0.00763557 -0.523564
fishery 2019 189.435  38 0.00507467 0.00602453 -0.168803
fishery 2019 189.435  39 0.00322695 0.00474834 -0.304283
fishery 2019 189.435  40 0.0144574 0.0256534 -0.974502
fishery 2020 195.175  3 0.00285038 0.00548636 -0.498096
fishery 2020 195.175  4 0.0143464 0.0197789 -0.544934
fishery 2020 195.175  5 0.0103841 0.0173941 -0.748891
fishery 2020 195.175  6 0.0324334 0.0312738 0.0930612
fishery 2020 195.175  7 0.0481962 0.0291806 1.57809
fishery 2020 195.175  8 0.0709297 0.0397292 2.23136
fishery 2020 195.175  9 0.0553743 0.0456144 0.653427
fishery 2020 195.175  10 0.0747546 0.0403856 2.43874
fishery 2020 195.175  11 0.0847222 0.0530655 1.97275
fishery 2020 195.175  12 0.0619383 0.0731304 -0.600537
fishery 2020 195.175  13 0.0551031 0.0594581 -0.257265
fishery 2020 195.175  14 0.0505193 0.0534154 -0.17992
fishery 2020 195.175  15 0.0440741 0.0587392 -0.871249
fishery 2020 195.175  16 0.0308642 0.0489781 -1.17243
fishery 2020 195.175  17 0.0263507 0.032678 -0.497114
fishery 2020 195.175  18 0.0176889 0.0268447 -0.791245
fishery 2020 195.175  19 0.0278614 0.0302457 -0.194465
fishery 2020 195.175  20 0.0322214 0.0339622 -0.134246
fishery 2020 195.175  21 0.0380852 0.0313509 0.539789
fishery 2020 195.175  22 0.0150309 0.0262867 -0.982709
fishery 2020 195.175  23 0.015781 0.0236086 -0.720118
fishery 2020 195.175  24 0.0119769 0.0221731 -0.96719
fishery 2020 195.175  25 0.01987 0.0196108 0.0261044
fishery 2020 195.175  26 0.0123846 0.0155173 -0.353978
fishery 2020 195.175  27 0.0233638 0.0115372 1.54651
fishery 2020 195.175  28 0.0195967 0.00923544 1.51244
fishery 2020 195.175  29 0.0127446 0.0091455 0.527908
fishery 2020 195.175  30 0.0113391 0.0106899 0.088155
fishery 2020 195.175  31 0.0109005 0.0125206 -0.203471
fishery 2020 195.175  32 0.0103779 0.0134121 -0.368358
fishery 2020 195.175  33 0.0110641 0.0130848 -0.248324
fishery 2020 195.175  34 0.0120428 0.012121 -0.00997343
fishery 2020 195.175  35 0.00932043 0.0110639 -0.232755
fishery 2020 195.175  36 0.00418001 0.00992074 -0.808827
fishery 2020 195.175  37 0.00397216 0.00852267 -0.69118
fishery 2020 195.175  38 0.00247563 0.00697427 -0.754666
fishery 2020 195.175  39 0.00391122 0.00556544 -0.310371
fishery 2020 195.175  40 0.01097 0.0282986 -1.45966
fishery 2021 189.435  3 0.00141178 0.00434863 -0.6136
fishery 2021 189.435  4 0.00502608 0.00831879 -0.498663
fishery 2021 189.435  5 0.0277106 0.0266668 0.0891596
fishery 2021 189.435  6 0.0406035 0.0247316 1.40632
fishery 2021 189.435  7 0.0413898 0.0402416 0.0804082
fishery 2021 189.435  8 0.0388761 0.0378735 0.0722802
fishery 2021 189.435  9 0.0570102 0.0478864 0.588046
fishery 2021 189.435  10 0.0777093 0.0524914 1.5562
fishery 2021 189.435  11 0.0542842 0.0453641 0.589896
fishery 2021 189.435  12 0.057641 0.0549094 0.165026
fishery 2021 189.435  13 0.0536347 0.0705107 -0.907238
fishery 2021 189.435  14 0.0359258 0.0572671 -1.26406
fishery 2021 189.435  15 0.0382679 0.0488969 -0.678302
fishery 2021 189.435  16 0.0374078 0.0510514 -0.85309
fishery 2021 189.435  17 0.0332602 0.0423645 -0.622048
fishery 2021 189.435  18 0.0253471 0.028734 -0.278995
fishery 2021 189.435  19 0.0328903 0.0235807 0.844254
fishery 2021 189.435  20 0.0229909 0.0262852 -0.283362
fishery 2021 189.435  21 0.0220071 0.0294358 -0.604811
fishery 2021 189.435  22 0.0269366 0.0277789 -0.070532
fishery 2021 189.435  23 0.0247285 0.0240304 0.0627258
fishery 2021 189.435  24 0.0267112 0.0219418 0.448001
fishery 2021 189.435  25 0.0217662 0.0207558 0.0975181
fishery 2021 189.435  26 0.0201642 0.0184816 0.171896
fishery 2021 189.435  27 0.0137956 0.0148079 -0.115313
fishery 2021 189.435  28 0.0128487 0.0111622 0.220851
fishery 2021 189.435  29 0.0113543 0.0089871 0.345039
fishery 2021 189.435  30 0.00616834 0.00880783 -0.38859
fishery 2021 189.435  31 0.0134066 0.0100838 0.457524
fishery 2021 189.435  32 0.0141052 0.01163 0.317625
fishery 2021 189.435  33 0.00947248 0.0123743 -0.361139
fishery 2021 189.435  34 0.0189886 0.0120554 0.874031
fishery 2021 189.435  35 0.0123889 0.0111454 0.162953
fishery 2021 189.435  36 0.0101144 0.0101231 -0.00120455
fishery 2021 189.435  37 0.0132465 0.00903488 0.61228
fishery 2021 189.435  38 0.00473608 0.00778006 -0.47654
fishery 2021 189.435  39 0.00185631 0.00643922 -0.787992
fishery 2021 189.435  40 0.0338169 0.0316217 0.172626
fishery 2023 189.435  3 0.0031791 0.0152709 -1.35672
fishery 2023 189.435  4 0.0103034 0.0164052 -0.660928
fishery 2023 189.435  5 0.012584 0.00917259 0.492246
fishery 2023 189.435  6 0.0265283 0.0169175 1.02543
fishery 2023 189.435  7 0.0806451 0.0424535 2.60682
fishery 2023 189.435  8 0.0692648 0.0419906 1.87142
fishery 2023 189.435  9 0.0746919 0.0567145 1.06968
fishery 2023 189.435  10 0.063174 0.0529259 0.629952
fishery 2023 189.435  11 0.0431419 0.0576324 -0.855727
fishery 2023 189.435  12 0.0476462 0.0575541 -0.585475
fishery 2023 189.435  13 0.0382028 0.0472062 -0.584243
fishery 2023 189.435  14 0.0411156 0.0494878 -0.531251
fishery 2023 189.435  15 0.0397271 0.0565675 -1.00324
fishery 2023 189.435  16 0.032256 0.046471 -0.929343
fishery 2023 189.435  17 0.0311328 0.0378336 -0.483318
fishery 2023 189.435  18 0.0255059 0.036666 -0.817184
fishery 2023 189.435  19 0.0226427 0.0306151 -0.636846
fishery 2023 189.435  20 0.020454 0.0219509 -0.14058
fishery 2023 189.435  21 0.0227611 0.0186695 0.415943
fishery 2023 189.435  22 0.0168256 0.0208693 -0.389251
fishery 2023 189.435  23 0.0238345 0.0235421 0.0265372
fishery 2023 189.435  24 0.0321769 0.0231353 0.827614
fishery 2023 189.435  25 0.0193456 0.0210589 -0.164198
fishery 2023 189.435  26 0.024009 0.0196906 0.427685
fishery 2023 189.435  27 0.0110271 0.0187049 -0.779786
fishery 2023 189.435  28 0.0229824 0.0167494 0.668289
fishery 2023 189.435  29 0.0124364 0.0136139 -0.139805
fishery 2023 189.435  30 0.0108709 0.0104256 0.0603084
fishery 2023 189.435  31 0.0111797 0.00839149 0.420443
fishery 2023 189.435  32 0.0131527 0.00796199 0.803366
fishery 2023 189.435  33 0.00656725 0.00873086 -0.319918
fishery 2023 189.435  34 0.0121668 0.00976931 0.335331
fishery 2023 189.435  35 0.0145562 0.0102678 0.585218
fishery 2023 189.435  36 0.00974029 0.00999329 -0.0349907
fishery 2023 189.435  37 0.00561826 0.00924478 -0.521262
fishery 2023 189.435  38 0.00553656 0.00838742 -0.429995
fishery 2023 189.435  39 0.00289905 0.00753042 -0.73686
fishery 2023 189.435  40 0.0401184 0.0394281 0.0488126
