 index year n comp_unit obs pred pearson
AI_survey 2024 223.768  15 0.000454228 0.000976555 -0.248883
AI_survey 2024 223.768  16 0.000202497 0.000794728 -0.312421
AI_survey 2024 223.768  17 0.000324685 0.00121785 -0.381528
AI_survey 2024 223.768  18 0.000428978 0.00171893 -0.464472
AI_survey 2024 223.768  19 0.000857246 0.00231056 -0.451821
AI_survey 2024 223.768  20 0.0013527 0.00296474 -0.442791
AI_survey 2024 223.768  21 0.00248151 0.00372246 -0.304415
AI_survey 2024 223.768  22 0.00312918 0.00454268 -0.314089
AI_survey 2024 223.768  23 0.0044339 0.00544595 -0.205521
AI_survey 2024 223.768  24 0.00530123 0.00676908 -0.267592
AI_survey 2024 223.768  25 0.00690051 0.0086188 -0.277909
AI_survey 2024 223.768  26 0.00680437 0.0114532 -0.653266
AI_survey 2024 223.768  27 0.00758217 0.0155716 -0.964985
AI_survey 2024 223.768  28 0.0118448 0.0209313 -0.949268
AI_survey 2024 223.768  29 0.0155781 0.0271042 -1.06158
AI_survey 2024 223.768  30 0.0246571 0.0341965 -0.7851
AI_survey 2024 223.768  31 0.035779 0.0410369 -0.396442
AI_survey 2024 223.768  32 0.0373142 0.0482125 -0.760968
AI_survey 2024 223.768  33 0.0543706 0.0554474 -0.0703797
AI_survey 2024 223.768  34 0.0747248 0.0628984 0.728628
AI_survey 2024 223.768  35 0.0959483 0.0703295 1.49864
AI_survey 2024 223.768  36 0.113991 0.0771311 2.06656
AI_survey 2024 223.768  37 0.101884 0.0815237 1.11296
AI_survey 2024 223.768  38 0.0920955 0.0822533 0.535833
AI_survey 2024 223.768  39 0.301559 0.332828 -0.992611
fishery 1964 107.586  15 0 0.00177767 -0.436489
fishery 1964 107.586  16 0 0.00123892 -0.363851
fishery 1964 107.586  17 0 0.00167494 -0.423594
fishery 1964 107.586  18 0 0.00204266 -0.468124
fishery 1964 107.586  19 0.000489034 0.00241719 -0.406438
fishery 1964 107.586  20 0.000338562 0.00268633 -0.469604
fishery 1964 107.586  21 0.000463956 0.00329824 -0.511966
fishery 1964 107.586  22 0.000827597 0.00444505 -0.563408
fishery 1964 107.586  23 0.00161758 0.00644164 -0.624972
fishery 1964 107.586  24 0.00144202 0.00982371 -0.88104
fishery 1964 107.586  25 0.00257057 0.014199 -1.01911
fishery 1964 107.586  26 0.00359879 0.0193547 -1.18594
fishery 1964 107.586  27 0.00603142 0.0243465 -1.23235
fishery 1964 107.586  28 0.00843898 0.0284182 -1.24693
fishery 1964 107.586  29 0.0156867 0.0312485 -0.927573
fishery 1964 107.586  30 0.0256304 0.0338266 -0.470187
fishery 1964 107.586  31 0.0500571 0.036578 0.744668
fishery 1964 107.586  32 0.0673363 0.0412128 1.36295
fishery 1964 107.586  33 0.0801139 0.04754 1.58763
fishery 1964 107.586  34 0.0962395 0.0558546 1.82394
fishery 1964 107.586  35 0.135563 0.0643338 3.01108
fishery 1964 107.586  36 0.130209 0.0719493 2.33838
fishery 1964 107.586  37 0.127726 0.0770309 1.97192
fishery 1964 107.586  38 0.0970545 0.0785 0.715514
fishery 1964 107.586  39 0.148566 0.339761 -4.18709
fishery 1965 117.123  15 0 0.00484567 -0.754411
fishery 1965 117.123  16 0 0.0034504 -0.635888
fishery 1965 117.123  17 0 0.00472884 -0.745198
fishery 1965 117.123  18 0 0.00584189 -0.828899
fishery 1965 117.123  19 0 0.00659749 -0.881296
fishery 1965 117.123  20 0 0.00693856 -0.903977
fishery 1965 117.123  21 0.000137957 0.00713675 -0.899183
fishery 1965 117.123  22 0.000137957 0.00732287 -0.91139
fishery 1965 117.123  23 0.00207997 0.00785398 -0.707444
fishery 1965 117.123  24 0.00870193 0.00958447 -0.0979811
fishery 1965 117.123  25 0.0110578 0.0130699 -0.191659
fishery 1965 117.123  26 0.0212348 0.0186648 0.205459
fishery 1965 117.123  27 0.0298625 0.0262133 0.247136
fishery 1965 117.123  28 0.035593 0.0346098 0.0582065
fishery 1965 117.123  29 0.0396574 0.0417773 -0.11465
fishery 1965 117.123  30 0.0606164 0.0470125 0.695488
fishery 1965 117.123  31 0.0721729 0.049175 1.15092
fishery 1965 117.123  32 0.09362 0.0499171 2.17163
fishery 1965 117.123  33 0.07767 0.0504388 1.34649
fishery 1965 117.123  34 0.0969416 0.0519929 2.19089
fishery 1965 117.123  35 0.115088 0.0548426 2.86352
fishery 1965 117.123  36 0.0973555 0.058922 1.76622
fishery 1965 117.123  37 0.0827108 0.0626276 0.896979
fishery 1965 117.123  38 0.0566262 0.0649839 -0.366913
fishery 1965 117.123  39 0.098735 0.311452 -4.97115
fishery 1966 115.979  15 0 0.00213833 -0.497371
fishery 1966 115.979  16 0 0.00216251 -0.500195
fishery 1966 115.979  17 0 0.00371345 -0.656604
fishery 1966 115.979  18 5.40085e-005 0.00572534 -0.808805
fishery 1966 115.979  19 0.000259241 0.0081127 -0.94226
fishery 1966 115.979  20 0.000842533 0.0105634 -1.02352
fishery 1966 115.979  21 0.00106937 0.0126728 -1.11671
fishery 1966 115.979  22 0.00237637 0.0140944 -1.07016
fishery 1966 115.979  23 0.00567089 0.0149231 -0.821536
fishery 1966 115.979  24 0.0103588 0.0155833 -0.454121
fishery 1966 115.979  25 0.0141718 0.016524 -0.198652
fishery 1966 115.979  26 0.0224459 0.0190679 0.265933
fishery 1966 115.979  27 0.0280088 0.0241619 0.269746
fishery 1966 115.979  28 0.0397503 0.0324922 0.44079
fishery 1966 115.979  29 0.0427099 0.0423586 0.0187846
fishery 1966 115.979  30 0.0582104 0.0524235 0.279589
fishery 1966 115.979  31 0.0650695 0.0592451 0.265665
fishery 1966 115.979  32 0.0792521 0.0617798 0.781503
fishery 1966 115.979  33 0.0681695 0.0598504 0.377663
fishery 1966 115.979  34 0.0761844 0.0561913 0.934883
fishery 1966 115.979  35 0.0865 0.0525262 1.63992
fishery 1966 115.979  36 0.0794357 0.0511358 1.38347
fishery 1966 115.979  37 0.0782259 0.0517027 1.28987
fishery 1966 115.979  38 0.0633304 0.0533272 0.47942
fishery 1966 115.979  39 0.177904 0.277524 -2.3959
fishery 1967 103.389  15 0 0.00116982 -0.346501
fishery 1967 103.389  16 0 0.00114296 -0.342461
fishery 1967 103.389  17 0 0.00204341 -0.458988
fishery 1967 103.389  18 0 0.00340756 -0.593698
fishery 1967 103.389  19 0 0.00556675 -0.760085
fishery 1967 103.389  20 0 0.00867918 -0.950871
fishery 1967 103.389  21 0.000965605 0.0125754 -1.05896
fishery 1967 103.389  22 0.00186321 0.0170275 -1.19148
fishery 1967 103.389  23 0.00353602 0.0211721 -1.24538
fishery 1967 103.389  24 0.0100913 0.0247074 -0.957202
fishery 1967 103.389  25 0.0123081 0.0267352 -0.909247
fishery 1967 103.389  26 0.0200465 0.0280336 -0.491909
fishery 1967 103.389  27 0.0241673 0.0296946 -0.331042
fishery 1967 103.389  28 0.0293898 0.032937 -0.202064
fishery 1967 103.389  29 0.0381074 0.039184 -0.0564104
fishery 1967 103.389  30 0.0391818 0.0482495 -0.430214
fishery 1967 103.389  31 0.0598131 0.0576 0.0965768
fishery 1967 103.389  32 0.0603571 0.0646393 -0.177063
fishery 1967 103.389  33 0.0698772 0.0665255 0.136751
fishery 1967 103.389  34 0.0790844 0.063229 0.662382
fishery 1967 103.389  35 0.0848237 0.0566467 1.23928
fishery 1967 103.389  36 0.0957581 0.0507364 2.08576
fishery 1967 103.389  37 0.0941397 0.0472404 2.24756
fishery 1967 103.389  38 0.0884277 0.0463489 2.03489
fishery 1967 103.389  39 0.188062 0.244708 -1.33973
fishery 1968 119.412  15 0 0.00117014 -0.372436
fishery 1968 119.412  16 0 0.000905826 -0.327237
fishery 1968 119.412  17 0 0.0014835 -0.419792
fishery 1968 119.412  18 0 0.00225446 -0.518295
fishery 1968 119.412  19 0 0.00345647 -0.64264
fishery 1968 119.412  20 0 0.00527137 -0.794739
fishery 1968 119.412  21 0.000245033 0.00827768 -0.968219
fishery 1968 119.412  22 0.00219509 0.012836 -1.03259
fishery 1968 119.412  23 0.00813714 0.0188226 -0.858998
fishery 1968 119.412  24 0.0236661 0.0259385 -0.156193
fishery 1968 119.412  25 0.0457599 0.0329221 0.786097
fishery 1968 119.412  26 0.0687624 0.0389309 1.68509
fishery 1968 119.412  27 0.0754599 0.0427475 1.76694
fishery 1968 119.412  28 0.0780022 0.0446871 1.76179
fishery 1968 119.412  29 0.064168 0.0462498 0.932186
fishery 1968 119.412  30 0.056766 0.0491739 0.383638
fishery 1968 119.412  31 0.0532232 0.0541192 -0.0432731
fishery 1968 119.412  32 0.0484349 0.0600225 -0.533051
fishery 1968 119.412  33 0.0505176 0.0638815 -0.597133
fishery 1968 119.412  34 0.0570621 0.0639382 -0.307118
fishery 1968 119.412  35 0.0595532 0.059461 0.00426181
fishery 1968 119.412  36 0.0636269 0.0528501 0.526314
fishery 1968 119.412  37 0.0623507 0.0470131 0.791746
fishery 1968 119.412  38 0.0524779 0.0434442 0.484195
fishery 1968 119.412  39 0.129592 0.220142 -2.38808
fishery 1969 97.6663  15 0 0.00167152 -0.40318
fishery 1969 97.6663  16 0 0.00124493 -0.34752
fishery 1969 97.6663  17 0 0.00179387 -0.417784
fishery 1969 97.6663  18 0 0.00236596 -0.480261
fishery 1969 97.6663  19 0 0.00314862 -0.554537
fishery 1969 97.6663  20 3.05306e-005 0.00394376 -0.616258
fishery 1969 97.6663  21 0.000915919 0.00551904 -0.613485
fishery 1969 97.6663  22 0.00283935 0.00811573 -0.58083
fishery 1969 97.6663  23 0.00520547 0.0122476 -0.632486
fishery 1969 97.6663  24 0.0180436 0.0189318 -0.0643913
fishery 1969 97.6663  25 0.0441625 0.0277821 0.984825
fishery 1969 97.6663  26 0.0849057 0.0381479 2.41203
fishery 1969 97.6663  27 0.128992 0.0485442 3.69897
fishery 1969 97.6663  28 0.145921 0.0565368 3.82445
fishery 1969 97.6663  29 0.131511 0.0609028 2.91755
fishery 1969 97.6663  30 0.0943244 0.0623402 1.30728
fishery 1969 97.6663  31 0.0588936 0.0618514 -0.121339
fishery 1969 97.6663  32 0.040621 0.0617248 -0.866572
fishery 1969 97.6663  33 0.0260884 0.0616407 -1.46079
fishery 1969 97.6663  34 0.0299047 0.0609806 -1.2833
fishery 1969 97.6663  35 0.0347133 0.057719 -0.974818
fishery 1969 97.6663  36 0.0417048 0.0525085 -0.478634
fishery 1969 97.6663  37 0.0390029 0.0467324 -0.36188
fishery 1969 97.6663  38 0.0270196 0.0420069 -0.738254
fishery 1969 97.6663  39 0.0452006 0.201599 -3.85249
fishery 1970 74.7758  15 0 0.00203054 -0.389101
fishery 1970 74.7758  16 0 0.00154316 -0.33886
fishery 1970 74.7758  17 0 0.00224575 -0.409342
fishery 1970 74.7758  18 0 0.00298661 -0.472494
fishery 1970 74.7758  19 0 0.0037445 -0.529438
fishery 1970 74.7758  20 0 0.00446836 -0.578687
fishery 1970 74.7758  21 2.59707e-005 0.00547324 -0.637873
fishery 1970 74.7758  22 0.00145436 0.00678819 -0.561312
fishery 1970 74.7758  23 0.00586937 0.00880996 -0.271961
fishery 1970 74.7758  24 0.0112713 0.0125775 -0.101318
fishery 1970 74.7758  25 0.0168809 0.0188165 -0.123152
fishery 1970 74.7758  26 0.0306713 0.0280339 0.138138
fishery 1970 74.7758  27 0.0394235 0.0402641 -0.0369769
fishery 1970 74.7758  28 0.0816517 0.0541377 1.05132
fishery 1970 74.7758  29 0.0966368 0.0659157 1.07053
fishery 1970 74.7758  30 0.101935 0.0741126 0.918374
fishery 1970 74.7758  31 0.102013 0.0762479 0.839442
fishery 1970 74.7758  32 0.0885599 0.0738864 0.485035
fishery 1970 74.7758  33 0.0630567 0.0689266 -0.200351
fishery 1970 74.7758  34 0.0524867 0.062834 -0.368697
fishery 1970 74.7758  35 0.0543825 0.0566724 -0.0856328
fishery 1970 74.7758  36 0.060174 0.0509956 0.360752
fishery 1970 74.7758  37 0.0507467 0.0454758 0.218742
fishery 1970 74.7758  38 0.054019 0.0410402 0.565662
fishery 1970 74.7758  39 0.0887417 0.191973 -2.26647
fishery 1971 77.8278  15 0 0.00202187 -0.396109
fishery 1971 77.8278  16 0 0.00158143 -0.350001
fishery 1971 77.8278  17 0 0.00235567 -0.427779
fishery 1971 77.8278  18 0 0.00321871 -0.500538
fishery 1971 77.8278  19 0 0.00416237 -0.569672
fishery 1971 77.8278  20 0 0.0051397 -0.633484
fishery 1971 77.8278  21 0.0040671 0.00617922 -0.237584
fishery 1971 77.8278  22 0.0107573 0.00726706 0.362273
fishery 1971 77.8278  23 0.0118403 0.00864979 0.303782
fishery 1971 77.8278  24 0.0142469 0.0108824 0.285956
fishery 1971 77.8278  25 0.0130917 0.0140589 -0.0724504
fishery 1971 77.8278  26 0.0186509 0.0195417 -0.0567619
fishery 1971 77.8278  27 0.0372536 0.0284634 0.466252
fishery 1971 77.8278  28 0.0507304 0.0414189 0.412214
fishery 1971 77.8278  29 0.0734002 0.0565485 0.643584
fishery 1971 77.8278  30 0.114745 0.0718304 1.46615
fishery 1971 77.8278  31 0.135466 0.0826117 1.69365
fishery 1971 77.8278  32 0.106539 0.0866353 0.624166
fishery 1971 77.8278  33 0.0789353 0.0829027 -0.126927
fishery 1971 77.8278  34 0.0594903 0.0744047 -0.501345
fishery 1971 77.8278  35 0.0479388 0.0634323 -0.56074
fishery 1971 77.8278  36 0.0498881 0.0538518 -0.154899
fishery 1971 77.8278  37 0.0444974 0.0462149 -0.0721626
fishery 1971 77.8278  38 0.0437754 0.0408165 0.13191
fishery 1971 77.8278  39 0.084687 0.18581 -2.29356
fishery 1972 66.0011  15 0 0.00284389 -0.433102
fishery 1972 66.0011  16 0 0.00210118 -0.371907
fishery 1972 66.0011  17 0 0.00300198 -0.445054
fishery 1972 66.0011  18 0 0.00392591 -0.509389
fishery 1972 66.0011  19 0 0.00485636 -0.566948
fishery 1972 66.0011  20 0 0.00579114 -0.619507
fishery 1972 66.0011  21 0 0.00682106 -0.672778
fishery 1972 66.0011  22 0 0.00800406 -0.729301
fishery 1972 66.0011  23 0.000233942 0.00931554 -0.767601
fishery 1972 66.0011  24 0.00581512 0.0111617 -0.413271
fishery 1972 66.0011  25 0.0283404 0.0130826 1.09048
fishery 1972 66.0011  26 0.0488938 0.0162735 2.09389
fishery 1972 66.0011  27 0.0569815 0.0214645 1.99051
fishery 1972 66.0011  28 0.0675423 0.0296806 1.81222
fishery 1972 66.0011  29 0.0848205 0.0421305 1.72624
fishery 1972 66.0011  30 0.0996591 0.0580471 1.44562
fishery 1972 66.0011  31 0.123187 0.074291 1.51466
fishery 1972 66.0011  32 0.0962503 0.086898 0.269715
fishery 1972 66.0011  33 0.0743934 0.0916354 -0.48549
fishery 1972 66.0011  34 0.056781 0.087578 -0.885049
fishery 1972 66.0011  35 0.0520353 0.0765889 -0.75004
fishery 1972 66.0011  36 0.0497627 0.063829 -0.467453
fishery 1972 66.0011  37 0.0455183 0.0524358 -0.252096
fishery 1972 66.0011  38 0.0386338 0.044098 -0.216191
fishery 1972 66.0011  39 0.0711517 0.184144 -2.36826
fishery 1977 38.9139  15 0 0.00602839 -0.48541
fishery 1977 38.9139  16 0 0.00448494 -0.41824
fishery 1977 38.9139  17 0 0.00644516 -0.502041
fishery 1977 38.9139  18 0.000121926 0.00850755 -0.56923
fishery 1977 38.9139  19 0.000199945 0.0107036 -0.636449
fishery 1977 38.9139  20 0.000819374 0.0130216 -0.671183
fishery 1977 38.9139  21 0.00264059 0.0156262 -0.652937
fishery 1977 38.9139  22 0.00859374 0.0185873 -0.461451
fishery 1977 38.9139  23 0.0168438 0.0216806 -0.207124
fishery 1977 38.9139  24 0.0218821 0.0250488 -0.126386
fishery 1977 38.9139  25 0.0278467 0.0281715 -0.012244
fishery 1977 38.9139  26 0.0424913 0.0310988 0.409348
fishery 1977 38.9139  27 0.0459877 0.0334855 0.433456
fishery 1977 38.9139  28 0.0540791 0.0353213 0.63382
fishery 1977 38.9139  29 0.0552506 0.0367446 0.613535
fishery 1977 38.9139  30 0.0573263 0.0383202 0.617538
fishery 1977 38.9139  31 0.0602607 0.040282 0.633785
fishery 1977 38.9139  32 0.0641892 0.0435771 0.629756
fishery 1977 38.9139  33 0.0605958 0.048235 0.359841
fishery 1977 38.9139  34 0.0514112 0.0544236 -0.0828302
fishery 1977 38.9139  35 0.0588949 0.0602793 -0.0362842
fishery 1977 38.9139  36 0.0569186 0.0645093 -0.19274
fishery 1977 38.9139  37 0.0654614 0.0651532 0.00779011
fishery 1977 38.9139  38 0.0687019 0.06168 0.182066
fishery 1977 38.9139  39 0.179483 0.228584 -0.72941
fishery 1978 46.9256  15 0.000105355 0.00593107 -0.519297
fishery 1978 46.9256  16 0.00016808 0.00442347 -0.43877
fishery 1978 46.9256  17 0.000130396 0.00636513 -0.53662
fishery 1978 46.9256  18 0.000426305 0.00835875 -0.596495
fishery 1978 46.9256  19 0.00104316 0.0103184 -0.628446
fishery 1978 46.9256  20 0.00222195 0.0121904 -0.62203
fishery 1978 46.9256  21 0.00417057 0.0142339 -0.581765
fishery 1978 46.9256  22 0.00896387 0.0166185 -0.410058
fishery 1978 46.9256  23 0.0181879 0.0194168 -0.0609908
fishery 1978 46.9256  24 0.0309194 0.0229524 0.364363
fishery 1978 46.9256  25 0.0607865 0.0268905 1.43514
fishery 1978 46.9256  26 0.0659578 0.0311413 1.37286
fishery 1978 46.9256  27 0.0514908 0.0352645 0.602549
fishery 1978 46.9256  28 0.055047 0.0388721 0.573167
fishery 1978 46.9256  29 0.0842047 0.0415882 1.46208
fishery 1978 46.9256  30 0.0880717 0.0435872 1.49233
fishery 1978 46.9256  31 0.0613714 0.0450193 0.540176
fishery 1978 46.9256  32 0.0461594 0.0469734 -0.0263529
fishery 1978 46.9256  33 0.0449591 0.0493094 -0.137623
fishery 1978 46.9256  34 0.0380423 0.0529181 -0.455148
fishery 1978 46.9256  35 0.0378096 0.0568262 -0.56264
fishery 1978 46.9256  36 0.0434384 0.0602445 -0.483807
fishery 1978 46.9256  37 0.0540278 0.0615476 -0.214324
fishery 1978 46.9256  38 0.0520643 0.0596979 -0.220693
fishery 1978 46.9256  39 0.150232 0.229311 -1.28856
fishery 1979 41.5845  15 0.000675807 0.0127413 -0.693457
fishery 1979 41.5845  16 0.000158573 0.00882738 -0.597298
fishery 1979 41.5845  17 0.000445203 0.011844 -0.679173
fishery 1979 41.5845  18 0.00119625 0.0143018 -0.711546
fishery 1979 41.5845  19 0.00297017 0.0158612 -0.665154
fishery 1979 41.5845  20 0.00484402 0.0165424 -0.591271
fishery 1979 41.5845  21 0.00332592 0.016859 -0.67766
fishery 1979 41.5845  22 0.00674129 0.0173059 -0.522262
fishery 1979 41.5845  23 0.00973436 0.0182292 -0.409371
fishery 1979 41.5845  24 0.0118776 0.0203039 -0.385177
fishery 1979 41.5845  25 0.0226094 0.0232191 -0.0261022
fishery 1979 41.5845  26 0.0336372 0.0272551 0.252716
fishery 1979 41.5845  27 0.0566359 0.0319522 0.904922
fishery 1979 41.5845  28 0.0633458 0.0369376 0.90279
fishery 1979 41.5845  29 0.0771224 0.04137 1.15758
fishery 1979 41.5845  30 0.0896097 0.0452067 1.37809
fishery 1979 41.5845  31 0.0962132 0.0477376 1.46601
fishery 1979 41.5845  32 0.0876036 0.0496961 1.12475
fishery 1979 41.5845  33 0.0726091 0.0509246 0.636007
fishery 1979 41.5845  34 0.0662757 0.0525011 0.398228
fishery 1979 41.5845  35 0.0553139 0.0541187 0.034062
fishery 1979 41.5845  36 0.0460214 0.0559376 -0.278242
fishery 1979 41.5845  37 0.0449368 0.0566142 -0.325813
fishery 1979 41.5845  38 0.0444638 0.0553081 -0.30591
fishery 1979 41.5845  39 0.101633 0.218405 -1.82254
fishery 1980 24.0351  15 0.00021961 0.0116379 -0.521728
fishery 1980 24.0351  16 0 0.00863494 -0.457284
fishery 1980 24.0351  17 0.000681703 0.0122441 -0.515238
fishery 1980 24.0351  18 0.00112092 0.0157314 -0.575454
fishery 1980 24.0351  19 0.000681703 0.0185991 -0.65
fishery 1980 24.0351  20 0.00299311 0.0205504 -0.606563
fishery 1980 24.0351  21 0.00629828 0.0216003 -0.515923
fishery 1980 24.0351  22 0.01397 0.0218816 -0.265065
fishery 1980 24.0351  23 0.0182414 0.0217604 -0.11822
fishery 1980 24.0351  24 0.0208464 0.0220168 -0.0390957
fishery 1980 24.0351  25 0.0199798 0.0228396 -0.0938296
fishery 1980 24.0351  26 0.041389 0.0250003 0.514526
fishery 1980 24.0351  27 0.0469779 0.0284246 0.547251
fishery 1980 24.0351  28 0.0720225 0.0331599 1.06391
fishery 1980 24.0351  29 0.0655394 0.0384077 0.692055
fishery 1980 24.0351  30 0.0757466 0.0438742 0.76283
fishery 1980 24.0351  31 0.0659018 0.048328 0.401703
fishery 1980 24.0351  32 0.0783052 0.0518161 0.585829
fishery 1980 24.0351  33 0.0665159 0.0536081 0.280922
fishery 1980 24.0351  34 0.0513309 0.0545842 -0.0702054
fishery 1980 24.0351  35 0.0551906 0.0546641 0.0113542
fishery 1980 24.0351  36 0.0480725 0.0547092 -0.143062
fishery 1980 24.0351  37 0.0443262 0.0540959 -0.211718
fishery 1980 24.0351  38 0.050707 0.0523958 -0.0371541
fishery 1980 24.0351  39 0.152942 0.209435 -0.680647
fishery 1983 9.91923  15 0 0.0151416 -0.390388
fishery 1983 9.91923  16 0 0.01066 -0.326771
fishery 1983 9.91923  17 0 0.014508 -0.382005
fishery 1983 9.91923  18 0 0.0177944 -0.423799
fishery 1983 9.91923  19 0 0.0200284 -0.450142
fishery 1983 9.91923  20 0.00145293 0.0211415 -0.430949
fishery 1983 9.91923  21 0.00145293 0.0216288 -0.436723
fishery 1983 9.91923  22 0.00290586 0.0220581 -0.410603
fishery 1983 9.91923  23 0.00145293 0.0228412 -0.450796
fishery 1983 9.91923  24 0.00726464 0.0245746 -0.352053
fishery 1983 9.91923  25 0.0310997 0.0267746 0.0843702
fishery 1983 9.91923  26 0.0279877 0.0295214 -0.028533
fishery 1983 9.91923  27 0.0317801 0.0320126 -0.00415925
fishery 1983 9.91923  28 0.0239892 0.0342063 -0.177014
fishery 1983 9.91923  29 0.0643948 0.0361497 0.476504
fishery 1983 9.91923  30 0.0869612 0.0388175 0.78489
fishery 1983 9.91923  31 0.0922726 0.0423979 0.779481
fishery 1983 9.91923  32 0.0830949 0.0474352 0.528295
fishery 1983 9.91923  33 0.0509166 0.0527009 -0.0251482
fishery 1983 9.91923  34 0.0462596 0.0572877 -0.149446
fishery 1983 9.91923  35 0.0106611 0.0593375 -0.648846
fishery 1983 9.91923  36 0.0387628 0.0587682 -0.267874
fishery 1983 9.91923  37 0.0403959 0.0557362 -0.210583
fishery 1983 9.91923  38 0.051939 0.0510058 0.0133576
fishery 1983 9.91923  39 0.304955 0.187472 0.948026
fishery 1984 18.6939  15 0.000322081 0.0151502 -0.524689
fishery 1984 18.6939  16 0 0.0110277 -0.456358
fishery 1984 18.6939  17 0 0.0153948 -0.540466
fishery 1984 18.6939  18 0.00101725 0.019461 -0.577132
fishery 1984 18.6939  19 0 0.0226652 -0.658287
fishery 1984 18.6939  20 0.000830705 0.0247241 -0.665149
fishery 1984 18.6939  21 0.00254312 0.0257561 -0.63347
fishery 1984 18.6939  22 0.00706973 0.0259923 -0.514097
fishery 1984 18.6939  23 0.00522178 0.0257702 -0.560606
fishery 1984 18.6939  24 0.0139019 0.0259299 -0.327164
fishery 1984 18.6939  25 0.0231752 0.0265859 -0.0916507
fishery 1984 18.6939  26 0.0349756 0.0283371 0.172946
fishery 1984 18.6939  27 0.0536591 0.0307896 0.572306
fishery 1984 18.6939  28 0.069562 0.0337525 0.857212
fishery 1984 18.6939  29 0.0858715 0.036479 1.13894
fishery 1984 18.6939  30 0.107572 0.0393743 1.51594
fishery 1984 18.6939  31 0.121474 0.0422186 1.7039
fishery 1984 18.6939  32 0.104077 0.0460469 1.197
fishery 1984 18.6939  33 0.06505 0.0504061 0.289371
fishery 1984 18.6939  34 0.0418399 0.0547947 -0.2461
fishery 1984 18.6939  35 0.0332268 0.0575048 -0.450854
fishery 1984 18.6939  36 0.0320391 0.0578984 -0.478685
fishery 1984 18.6939  37 0.0352934 0.05532 -0.378736
fishery 1984 18.6939  38 0.0470239 0.0504469 -0.0676149
fishery 1984 18.6939  39 0.114254 0.178174 -0.722208
fishery 1987 7.63018  15 0 0.0168477 -0.361493
fishery 1987 7.63018  16 0 0.011383 -0.296273
fishery 1987 7.63018  17 0.0024157 0.0149678 -0.285455
fishery 1987 7.63018  18 0 0.0176176 -0.36981
fishery 1987 7.63018  19 0.0024157 0.0189172 -0.3345
fishery 1987 7.63018  20 0.00483139 0.0191241 -0.288187
fishery 1987 7.63018  21 0 0.0191291 -0.385654
fishery 1987 7.63018  22 0.00724709 0.0198333 -0.249292
fishery 1987 7.63018  23 0.0024157 0.0215667 -0.364085
fishery 1987 7.63018  24 0.00724709 0.0247952 -0.311659
fishery 1987 7.63018  25 0.0217413 0.028603 -0.11369
fishery 1987 7.63018  26 0.0579767 0.032768 0.391077
fishery 1987 7.63018  27 0.0966279 0.0363818 0.888678
fishery 1987 7.63018  28 0.117701 0.0392351 1.11623
fishery 1987 7.63018  29 0.101459 0.0415758 0.828562
fishery 1987 7.63018  30 0.0869651 0.0441056 0.576521
fishery 1987 7.63018  31 0.106291 0.0469168 0.775513
fishery 1987 7.63018  32 0.132863 0.0503969 1.04119
fishery 1987 7.63018  33 0.108039 0.0537157 0.665505
fishery 1987 7.63018  34 0.055561 0.0565488 -0.0118115
fishery 1987 7.63018  35 0.0120785 0.0578115 -0.541235
fishery 1987 7.63018  36 0.00724709 0.0574693 -0.596022
fishery 1987 7.63018  37 0.00483139 0.0549222 -0.607268
fishery 1987 7.63018  38 0 0.0500997 -0.634315
fishery 1987 7.63018  39 0.0640453 0.165268 -0.752779
fishery 1988 15.6419  15 0 0.00495733 -0.278877
fishery 1988 15.6419  16 0.00140962 0.00456995 -0.185116
fishery 1988 15.6419  17 0.00211443 0.00745808 -0.245474
fishery 1988 15.6419  18 0.00422886 0.0109418 -0.255096
fishery 1988 15.6419  19 0.00507803 0.0147091 -0.3163
fishery 1988 15.6419  20 0.00916253 0.0180681 -0.264358
fishery 1988 15.6419  21 0.0204395 0.0207315 -0.00810258
fishery 1988 15.6419  22 0.0473666 0.0223749 0.668159
fishery 1988 15.6419  23 0.0579038 0.0234285 0.901232
fishery 1988 15.6419  24 0.0398325 0.0248288 0.381275
fishery 1988 15.6419  25 0.0356386 0.0270725 0.208711
fishery 1988 15.6419  26 0.0503697 0.0307613 0.449055
fishery 1988 15.6419  27 0.0972153 0.0353794 1.32365
fishery 1988 15.6419  28 0.119804 0.0403982 1.59485
fishery 1988 15.6419  29 0.137232 0.0447677 1.76821
fishery 1988 15.6419  30 0.101724 0.0486414 0.975842
fishery 1988 15.6419  31 0.0812845 0.051809 0.525916
fishery 1988 15.6419  32 0.0398451 0.0551412 -0.265012
fishery 1988 15.6419  33 0.0262564 0.0580547 -0.537751
fishery 1988 15.6419  34 0.014923 0.0605307 -0.756345
fishery 1988 15.6419  35 0.00576046 0.061333 -0.915944
fishery 1988 15.6419  36 0.00881107 0.0602971 -0.855375
fishery 1988 15.6419  37 0.0166474 0.0568784 -0.68693
fishery 1988 15.6419  38 0.029854 0.0512568 -0.383817
fishery 1988 15.6419  39 0.0470986 0.165611 -1.26086
fishery 1989 11.0638  15 0 0.00547012 -0.24646
fishery 1989 11.0638  16 0 0.00407531 -0.212514
fishery 1989 11.0638  17 0 0.00586998 -0.255376
fishery 1989 11.0638  18 0 0.00785852 -0.295843
fishery 1989 11.0638  19 0.00121654 0.0102136 -0.297497
fishery 1989 11.0638  20 0 0.0130361 -0.382129
fishery 1989 11.0638  21 0 0.0162597 -0.4275
fishery 1989 11.0638  22 0.00121654 0.0197178 -0.442527
fishery 1989 11.0638  23 0 0.0228108 -0.508089
fishery 1989 11.0638  24 0.00121654 0.0256386 -0.513859
fishery 1989 11.0638  25 0.00608272 0.0280039 -0.441874
fishery 1989 11.0638  26 0.00486618 0.0306674 -0.497677
fishery 1989 11.0638  27 0.0121654 0.0342318 -0.403617
fishery 1989 11.0638  28 0.0158151 0.0390973 -0.399493
fishery 1989 11.0638  29 0.0486618 0.044506 0.0670247
fishery 1989 11.0638  30 0.0510949 0.050488 0.00921896
fishery 1989 11.0638  31 0.0377129 0.0553779 -0.256881
fishery 1989 11.0638  32 0.0352798 0.0595791 -0.341431
fishery 1989 11.0638  33 0.0656934 0.0626568 0.0416749
fishery 1989 11.0638  34 0.0583942 0.0644746 -0.0823444
fishery 1989 11.0638  35 0.0693431 0.0645111 0.0654196
fishery 1989 11.0638  36 0.0863747 0.0626652 0.325372
fishery 1989 11.0638  37 0.0888078 0.0582911 0.433205
fishery 1989 11.0638  38 0.113139 0.0518751 0.918759
fishery 1989 11.0638  39 0.30292 0.162624 1.26454
fishery 1991 48.8332  15 0.000263156 0.00518913 -0.478648
fishery 1991 48.8332  16 0.00102277 0.003629 -0.302462
fishery 1991 48.8332  17 0.000597666 0.00492707 -0.431644
fishery 1991 48.8332  18 0.0015332 0.00607538 -0.408135
fishery 1991 48.8332  19 0.000903206 0.00712567 -0.516604
fishery 1991 48.8332  20 0.00130907 0.00801823 -0.525371
fishery 1991 48.8332  21 0.00114322 0.00924886 -0.591406
fishery 1991 48.8332  22 0.00279774 0.0110683 -0.552174
fishery 1991 48.8332  23 0.00378341 0.0136649 -0.594578
fishery 1991 48.8332  24 0.00581669 0.0176458 -0.627672
fishery 1991 48.8332  25 0.00846544 0.0223966 -0.657777
fishery 1991 48.8332  26 0.0140887 0.0281377 -0.593581
fishery 1991 48.8332  27 0.0222656 0.0341166 -0.456148
fishery 1991 48.8332  28 0.0210334 0.04002 -0.676836
fishery 1991 48.8332  29 0.0330992 0.0459386 -0.428528
fishery 1991 48.8332  30 0.0365712 0.0525215 -0.499613
fishery 1991 48.8332  31 0.0433834 0.0593137 -0.471245
fishery 1991 48.8332  32 0.0540176 0.066294 -0.34479
fishery 1991 48.8332  33 0.0760515 0.0716781 0.11847
fishery 1991 48.8332  34 0.100377 0.0746109 0.685189
fishery 1991 48.8332  35 0.118438 0.0737462 1.19487
fishery 1991 48.8332  36 0.116235 0.0697553 1.27498
fishery 1991 48.8332  37 0.0942711 0.0629572 0.900865
fishery 1991 48.8332  38 0.0734714 0.0541486 0.596599
fishery 1991 48.8332  39 0.169062 0.157773 0.216419
fishery 1992 74.3943  15 0.000830069 0.0028484 -0.326078
fishery 1992 74.3943  16 0.000327223 0.00230322 -0.354773
fishery 1992 74.3943  17 0.000253685 0.00350406 -0.473765
fishery 1992 74.3943  18 0.000382362 0.00484731 -0.553918
fishery 1992 74.3943  19 0.000246018 0.00622632 -0.65522
fishery 1992 74.3943  20 0.000496151 0.0075134 -0.700438
fishery 1992 74.3943  21 0.000861184 0.00882791 -0.73418
fishery 1992 74.3943  22 0.00138405 0.0101688 -0.754873
fishery 1992 74.3943  23 0.00259067 0.0117466 -0.732653
fishery 1992 74.3943  24 0.00470075 0.014172 -0.690892
fishery 1992 74.3943  25 0.0101808 0.0177525 -0.494427
fishery 1992 74.3943  26 0.0198451 0.0228793 -0.174994
fishery 1992 74.3943  27 0.0294326 0.0295124 -0.00406683
fishery 1992 74.3943  28 0.0342434 0.0371921 -0.134384
fishery 1992 74.3943  29 0.0438262 0.0451055 -0.0531612
fishery 1992 74.3943  30 0.0599552 0.0533762 0.252421
fishery 1992 74.3943  31 0.0942692 0.0612137 1.18925
fishery 1992 74.3943  32 0.111228 0.069002 1.43685
fishery 1992 74.3943  33 0.103375 0.0755802 0.906919
fishery 1992 74.3943  34 0.0886363 0.0795503 0.289598
fishery 1992 74.3943  35 0.0761464 0.0794708 -0.106007
fishery 1992 74.3943  36 0.0694392 0.0752986 -0.191515
fishery 1992 74.3943  37 0.0647903 0.0672412 -0.0844028
fishery 1992 74.3943  38 0.0526737 0.05689 -0.156988
fishery 1992 74.3943  39 0.129887 0.157777 -0.659895
fishery 1993 71.3422  15 5.85693e-005 0.00143885 -0.306509
fishery 1993 71.3422  16 3.90462e-005 0.00123131 -0.286006
fishery 1993 71.3422  17 0.000136662 0.00195601 -0.346916
fishery 1993 71.3422  18 0.000276372 0.00287475 -0.409212
fishery 1993 71.3422  19 0.000310637 0.00408314 -0.499074
fishery 1993 71.3422  20 0.00091188 0.00551495 -0.524517
fishery 1993 71.3422  21 0.00169217 0.00716074 -0.547429
fishery 1993 71.3422  22 0.00304387 0.00891989 -0.527571
fishery 1993 71.3422  23 0.00582434 0.0107847 -0.405452
fishery 1993 71.3422  24 0.00791071 0.0130438 -0.381976
fishery 1993 71.3422  25 0.0117213 0.015673 -0.268642
fishery 1993 71.3422  26 0.0137517 0.0194352 -0.347654
fishery 1993 71.3422  27 0.022326 0.0248952 -0.139251
fishery 1993 71.3422  28 0.040583 0.0324882 0.385588
fishery 1993 71.3422  29 0.0623293 0.0414254 0.88594
fishery 1993 71.3422  30 0.0722077 0.0519458 0.77112
fishery 1993 71.3422  31 0.0844034 0.0621484 0.778552
fishery 1993 71.3422  32 0.101935 0.0718557 0.983725
fishery 1993 71.3422  33 0.110941 0.0795807 0.978673
fishery 1993 71.3422  34 0.103675 0.084598 0.578985
fishery 1993 71.3422  35 0.0883833 0.0851331 0.0983638
fishery 1993 71.3422  36 0.0737728 0.0810318 -0.224673
fishery 1993 71.3422  37 0.0577862 0.0722751 -0.472582
fishery 1993 71.3422  38 0.0438843 0.060598 -0.591639
fishery 1993 71.3422  39 0.0920956 0.159908 -1.56269
fishery 1994 45.3996  15 0 0.000625486 -0.167235
fishery 1994 45.3996  16 0 0.000550938 -0.156781
fishery 1994 45.3996  17 0 0.000934022 -0.204926
fishery 1994 45.3996  18 0 0.00145814 -0.256602
fishery 1994 45.3996  19 0.00030373 0.00220544 -0.272535
fishery 1994 45.3996  20 0.000217137 0.00323043 -0.357249
fishery 1994 45.3996  21 0.000144016 0.00464876 -0.445733
fishery 1994 45.3996  22 0.00117106 0.00649238 -0.446093
fishery 1994 45.3996  23 0.00134333 0.00866144 -0.531827
fishery 1994 45.3996  24 0.0037834 0.0113524 -0.481183
fishery 1994 45.3996  25 0.00810079 0.0141682 -0.345795
fishery 1994 45.3996  26 0.0151626 0.0175823 -0.124019
fishery 1994 45.3996  27 0.0245438 0.0221759 0.108324
fishery 1994 45.3996  28 0.0359373 0.0284653 0.302694
fishery 1994 45.3996  29 0.041548 0.0368754 0.167039
fishery 1994 45.3996  30 0.0629102 0.0479822 0.470569
fishery 1994 45.3996  31 0.0872537 0.0601801 0.766989
fishery 1994 45.3996  32 0.101036 0.0726585 0.736564
fishery 1994 45.3996  33 0.108078 0.0831245 0.609002
fishery 1994 45.3996  34 0.104799 0.0898514 0.352168
fishery 1994 45.3996  35 0.0963879 0.09118 0.121895
fishery 1994 45.3996  36 0.0765971 0.0872944 -0.25534
fishery 1994 45.3996  37 0.0659677 0.0780575 -0.30364
fishery 1994 45.3996  38 0.0509567 0.0652837 -0.390756
fishery 1994 45.3996  39 0.113758 0.164961 -0.929537
fishery 1995 41.203  15 0.000365757 0.000628434 -0.0667525
fishery 1995 41.203  16 0.000146303 0.000474748 -0.0957799
fishery 1995 41.203  17 0.000219454 0.000708902 -0.117217
fishery 1995 41.203  18 0.000939261 0.000982207 -0.00875583
fishery 1995 41.203  19 0.00149151 0.00137897 0.0193981
fishery 1995 41.203  20 0.00137817 0.00187982 -0.0741426
fishery 1995 41.203  21 0.00123586 0.00271122 -0.18179
fishery 1995 41.203  22 0.00297207 0.00395954 -0.100805
fishery 1995 41.203  23 0.00584196 0.0057431 0.00839011
fishery 1995 41.203  24 0.00518887 0.00830385 -0.220207
fishery 1995 41.203  25 0.00480634 0.0113903 -0.398091
fishery 1995 41.203  26 0.0052502 0.0154235 -0.529752
fishery 1995 41.203  27 0.0113056 0.0200026 -0.398632
fishery 1995 41.203  28 0.0164272 0.0258154 -0.379932
fishery 1995 41.203  29 0.0273414 0.0332825 -0.212575
fishery 1995 41.203  30 0.0313924 0.0435996 -0.383685
fishery 1995 41.203  31 0.0547641 0.056214 -0.0404032
fishery 1995 41.203  32 0.0822771 0.0705278 0.294544
fishery 1995 41.203  33 0.121525 0.0837792 0.874471
fishery 1995 41.203  34 0.150882 0.0936565 1.26072
fishery 1995 41.203  35 0.130012 0.0972759 0.709067
fishery 1995 41.203  36 0.113023 0.0941862 0.413931
fishery 1995 41.203  37 0.0793157 0.0846505 -0.123012
fishery 1995 41.203  38 0.0532351 0.0706805 -0.436901
fishery 1995 41.203  39 0.0986639 0.172745 -1.25788
fishery 1996 48.4516  15 5.70909e-005 0.000497749 -0.136157
fishery 1996 48.4516  16 0 0.00038754 -0.135321
fishery 1996 48.4516  17 0 0.000581564 -0.166487
fishery 1996 48.4516  18 0.000441992 0.000799821 -0.0875611
fishery 1996 48.4516  19 0.000384901 0.00106599 -0.144606
fishery 1996 48.4516  20 0.000353884 0.001356 -0.188862
fishery 1996 48.4516  21 0.000301083 0.00183662 -0.248959
fishery 1996 48.4516  22 0.000517137 0.00254718 -0.279791
fishery 1996 48.4516  23 0.000707013 0.00362064 -0.337199
fishery 1996 48.4516  24 0.0010841 0.00545334 -0.412592
fishery 1996 48.4516  25 0.0010961 0.00806625 -0.542066
fishery 1996 48.4516  26 0.00273138 0.0117207 -0.581142
fishery 1996 48.4516  27 0.00752667 0.0168531 -0.50419
fishery 1996 48.4516  28 0.0144915 0.0229966 -0.394874
fishery 1996 48.4516  29 0.022867 0.0305365 -0.310223
fishery 1996 48.4516  30 0.036148 0.0403719 -0.149357
fishery 1996 48.4516  31 0.0479392 0.0523494 -0.137814
fishery 1996 48.4516  32 0.0693673 0.0670184 0.0653803
fishery 1996 48.4516  33 0.0939053 0.0821915 0.296849
fishery 1996 48.4516  34 0.111076 0.0951147 0.378684
fishery 1996 48.4516  35 0.11211 0.101768 0.238101
fishery 1996 48.4516  36 0.106855 0.100721 0.141849
fishery 1996 48.4516  37 0.10164 0.0916125 0.241932
fishery 1996 48.4516  38 0.0884634 0.0768596 0.30321
fishery 1996 48.4516  39 0.179937 0.183673 -0.0671691
fishery 1997 39.2954  15 0 0.00120764 -0.217077
fishery 1997 39.2954  16 0 0.000842061 -0.180911
fishery 1997 39.2954  17 0 0.00113914 -0.210771
fishery 1997 39.2954  18 0 0.00139324 -0.233311
fishery 1997 39.2954  19 0 0.0015887 -0.249274
fishery 1997 39.2954  20 0 0.001724 -0.259753
fishery 1997 39.2954  21 0 0.00190276 -0.272986
fishery 1997 39.2954  22 0 0.0021768 -0.292119
fishery 1997 39.2954  23 0 0.00269867 -0.325485
fishery 1997 39.2954  24 0 0.00375791 -0.384492
fishery 1997 39.2954  25 0.00010333 0.00543772 -0.454291
fishery 1997 39.2954  26 0.000664947 0.00827464 -0.526269
fishery 1997 39.2954  27 0.00215091 0.0124707 -0.582705
fishery 1997 39.2954  28 0.00569553 0.0187244 -0.602372
fishery 1997 39.2954  29 0.0107246 0.0264467 -0.614095
fishery 1997 39.2954  30 0.0245752 0.0368329 -0.407901
fishery 1997 39.2954  31 0.0554073 0.0489568 0.187375
fishery 1997 39.2954  32 0.0879574 0.0635864 0.626033
fishery 1997 39.2954  33 0.120492 0.079435 0.951708
fishery 1997 39.2954  34 0.122113 0.0939469 0.605151
fishery 1997 39.2954  35 0.126801 0.10362 0.476775
fishery 1997 39.2954  36 0.111007 0.105374 0.115
fishery 1997 39.2954  37 0.0925799 0.0979121 -0.112466
fishery 1997 39.2954  38 0.0726534 0.0833953 -0.243538
fishery 1997 39.2954  39 0.167074 0.197155 -0.473959
fishery 1999 24.4166  15 0.000225258 0.00177343 -0.181309
fishery 1999 24.4166  16 0.000268028 0.00127399 -0.138811
fishery 1999 24.4166  17 0 0.00176697 -0.207309
fishery 1999 24.4166  18 0.000675774 0.00223176 -0.16257
fishery 1999 24.4166  19 0.000971869 0.00263869 -0.160248
fishery 1999 24.4166  20 0 0.00298491 -0.269919
fishery 1999 24.4166  21 0.000703842 0.00329324 -0.222992
fishery 1999 24.4166  22 0.00280262 0.0035885 -0.0648514
fishery 1999 24.4166  23 0.00177462 0.00386566 -0.166294
fishery 1999 24.4166  24 0.00429451 0.0042509 0.00330815
fishery 1999 24.4166  25 0.00605576 0.00466262 0.100942
fishery 1999 24.4166  26 0.00602903 0.00565341 0.0247333
fishery 1999 24.4166  27 0.00515544 0.00736022 -0.127372
fishery 1999 24.4166  28 0.00426911 0.0106693 -0.307679
fishery 1999 24.4166  29 0.0125908 0.0163356 -0.145932
fishery 1999 24.4166  30 0.0126911 0.0256485 -0.40494
fishery 1999 24.4166  31 0.0263371 0.0382528 -0.306934
fishery 1999 24.4166  32 0.0489048 0.0542953 -0.117536
fishery 1999 24.4166  33 0.0754078 0.0722998 0.0592948
fishery 1999 24.4166  34 0.0980775 0.0899654 0.140083
fishery 1999 24.4166  35 0.124316 0.103571 0.336399
fishery 1999 24.4166  36 0.132689 0.110123 0.356186
fishery 1999 24.4166  37 0.127575 0.107041 0.328171
fishery 1999 24.4166  38 0.101532 0.0948875 0.112034
fishery 1999 24.4166  39 0.206653 0.231566 -0.291826
fishery 2010 33.9543  15 0.00015898 0.000742429 -0.123988
fishery 2010 33.9543  16 0 0.000600436 -0.141653
fishery 2010 33.9543  17 0 0.000930785 -0.176911
fishery 2010 33.9543  18 0 0.00133799 -0.212495
fishery 2010 33.9543  19 0.000317537 0.00185482 -0.207629
fishery 2010 33.9543  20 0.000688496 0.00249848 -0.210845
fishery 2010 33.9543  21 0.000696614 0.00327439 -0.26253
fishery 2010 33.9543  22 0.00139835 0.00416486 -0.250016
fishery 2010 33.9543  23 0.00157314 0.00506955 -0.286591
fishery 2010 33.9543  24 0.00323987 0.00608836 -0.213198
fishery 2010 33.9543  25 0.0033822 0.00703171 -0.254318
fishery 2010 33.9543  26 0.00314718 0.00828761 -0.330202
fishery 2010 33.9543  27 0.00495281 0.0103976 -0.312625
fishery 2010 33.9543  28 0.00418998 0.0137396 -0.477854
fishery 2010 33.9543  29 0.0060922 0.0189945 -0.550621
fishery 2010 33.9543  30 0.0097604 0.0271069 -0.622314
fishery 2010 33.9543  31 0.0217127 0.0374018 -0.481747
fishery 2010 33.9543  32 0.0416476 0.0501566 -0.227141
fishery 2010 33.9543  33 0.0677162 0.0638953 0.0910288
fishery 2010 33.9543  34 0.0883412 0.077472 0.236896
fishery 2010 33.9543  35 0.0974371 0.0881266 0.19137
fishery 2010 33.9543  36 0.100329 0.0945141 0.115826
fishery 2010 33.9543  37 0.0958761 0.0947124 0.0231559
fishery 2010 33.9543  38 0.0912698 0.0887077 0.0525062
fishery 2010 33.9543  39 0.356072 0.292894 0.808942
fishery 2012 44.6366  15 0 0.000932055 -0.20298
fishery 2012 44.6366  16 0.000190217 0.000813496 -0.14517
fishery 2012 44.6366  17 8.82823e-005 0.00129562 -0.223383
fishery 2012 44.6366  18 0.000359955 0.00187103 -0.232993
fishery 2012 44.6366  19 0.000977932 0.00252663 -0.2057
fishery 2012 44.6366  20 0.00108669 0.00316228 -0.246599
fishery 2012 44.6366  21 0.00326925 0.00382693 -0.060267
fishery 2012 44.6366  22 0.00245792 0.00450188 -0.203761
fishery 2012 44.6366  23 0.00114767 0.0052741 -0.380264
fishery 2012 44.6366  24 0.00182049 0.00640395 -0.383595
fishery 2012 44.6366  25 0.00232433 0.00788178 -0.419618
fishery 2012 44.6366  26 0.00402679 0.00981621 -0.392132
fishery 2012 44.6366  27 0.00612208 0.0123301 -0.375695
fishery 2012 44.6366  28 0.00801182 0.0151845 -0.391748
fishery 2012 44.6366  29 0.00803332 0.0186577 -0.524439
fishery 2012 44.6366  30 0.012333 0.0239923 -0.508943
fishery 2012 44.6366  31 0.0198201 0.0315578 -0.448508
fishery 2012 44.6366  32 0.0270272 0.0429337 -0.524208
fishery 2012 44.6366  33 0.0439705 0.0571534 -0.379385
fishery 2012 44.6366  34 0.0614618 0.0730176 -0.296735
fishery 2012 44.6366  35 0.082956 0.0868836 -0.0931589
fishery 2012 44.6366  36 0.0961826 0.0960255 0.00356196
fishery 2012 44.6366  37 0.11143 0.0979891 0.302026
fishery 2012 44.6366  38 0.10503 0.0926247 0.285867
fishery 2012 44.6366  39 0.399873 0.303344 1.40288
fishery 2014 48.4516  15 0.000278317 0.00137962 -0.205785
fishery 2014 48.4516  16 0.000127173 0.000995409 -0.190695
fishery 2014 48.4516  17 0.000413056 0.00141273 -0.184612
fishery 2014 48.4516  18 0.000502229 0.00183411 -0.216086
fishery 2014 48.4516  19 0.000453859 0.0022627 -0.26441
fishery 2014 48.4516  20 0.000571808 0.00273692 -0.287945
fishery 2014 48.4516  21 0.000941782 0.00337654 -0.291722
fishery 2014 48.4516  22 0.00109572 0.00427171 -0.338576
fishery 2014 48.4516  23 0.00170391 0.00545713 -0.354298
fishery 2014 48.4516  24 0.00190386 0.00702891 -0.426711
fishery 2014 48.4516  25 0.00253856 0.00878429 -0.465645
fishery 2014 48.4516  26 0.004953 0.0108635 -0.396707
fishery 2014 48.4516  27 0.00642781 0.0134919 -0.426055
fishery 2014 48.4516  28 0.00761457 0.0168747 -0.500291
fishery 2014 48.4516  29 0.00974162 0.0209664 -0.545217
fishery 2014 48.4516  30 0.0138443 0.0265591 -0.550329
fishery 2014 48.4516  31 0.0253547 0.0331401 -0.302702
fishery 2014 48.4516  32 0.0367856 0.041951 -0.179326
fishery 2014 48.4516  33 0.0513723 0.0527241 -0.0421008
fishery 2014 48.4516  34 0.0710204 0.0661845 0.135394
fishery 2014 48.4516  35 0.0923008 0.0796918 0.324068
fishery 2014 48.4516  36 0.10138 0.0908922 0.253945
fishery 2014 48.4516  37 0.116904 0.0960851 0.491703
fishery 2014 48.4516  38 0.115317 0.0936564 0.517478
fishery 2014 48.4516  39 0.336453 0.317379 0.285247
fishery 2016 48.0701  15 0.000185918 0.00125532 -0.20857
fishery 2016 48.0701  16 6.88682e-005 0.000998046 -0.203009
fishery 2016 48.0701  17 5.73891e-005 0.00150316 -0.257883
fishery 2016 48.0701  18 0.000137736 0.00207901 -0.294787
fishery 2016 48.0701  19 0.000197398 0.00272373 -0.335463
fishery 2016 48.0701  20 0.000128529 0.00340309 -0.389278
fishery 2016 48.0701  21 0.000802553 0.00415018 -0.360598
fishery 2016 48.0701  22 0.0015035 0.00493754 -0.339333
fishery 2016 48.0701  23 0.00204057 0.00577392 -0.341338
fishery 2016 48.0701  24 0.00185907 0.00689443 -0.421608
fishery 2016 48.0701  25 0.00214283 0.00837585 -0.473905
fishery 2016 48.0701  26 0.00248593 0.0105652 -0.547615
fishery 2016 48.0701  27 0.00370237 0.0135715 -0.591169
fishery 2016 48.0701  28 0.00851756 0.0174553 -0.473046
fishery 2016 48.0701  29 0.0144305 0.0222308 -0.36674
fishery 2016 48.0701  30 0.0239415 0.0283922 -0.185755
fishery 2016 48.0701  31 0.0389878 0.0355003 0.130655
fishery 2016 48.0701  32 0.0528706 0.0445195 0.280705
fishery 2016 48.0701  33 0.0658765 0.0545667 0.345203
fishery 2016 48.0701  34 0.0771534 0.0657334 0.319479
fishery 2016 48.0701  35 0.0949384 0.0766357 0.477008
fishery 2016 48.0701  36 0.10355 0.0856965 0.442189
fishery 2016 48.0701  37 0.101453 0.0906325 0.261298
fishery 2016 48.0701  38 0.093474 0.0897964 0.0891829
fishery 2016 48.0701  39 0.309494 0.32261 -0.194513
fishery 2018 59.8969  15 0.00071492 0.00143192 -0.146239
fishery 2018 59.8969  16 0.00031379 0.00118285 -0.194858
fishery 2018 59.8969  17 3.56862e-005 0.0018282 -0.323868
fishery 2018 59.8969  18 0.000142745 0.00257655 -0.370843
fishery 2018 59.8969  19 0.000271553 0.00341101 -0.416125
fishery 2018 59.8969  20 0.000578128 0.00424853 -0.436227
fishery 2018 59.8969  21 0.00075127 0.00512081 -0.473328
fishery 2018 59.8969  22 0.00189404 0.00601994 -0.412456
fishery 2018 59.8969  23 0.00387874 0.0069853 -0.288472
fishery 2018 59.8969  24 0.00503977 0.00824453 -0.274127
fishery 2018 59.8969  25 0.00422428 0.00964295 -0.428915
fishery 2018 59.8969  26 0.00385704 0.0114872 -0.553925
fishery 2018 59.8969  27 0.0057182 0.0138862 -0.540016
fishery 2018 59.8969  28 0.00854232 0.0171476 -0.51286
fishery 2018 59.8969  29 0.0126601 0.021413 -0.467861
fishery 2018 59.8969  30 0.0174994 0.0276659 -0.479642
fishery 2018 59.8969  31 0.0287359 0.0352462 -0.273198
fishery 2018 59.8969  32 0.0531651 0.0448383 0.311366
fishery 2018 59.8969  33 0.0780935 0.0554364 0.766227
fishery 2018 59.8969  34 0.092052 0.0666082 0.789692
fishery 2018 59.8969  35 0.0983251 0.0766832 0.629428
fishery 2018 59.8969  36 0.100958 0.084409 0.460687
fishery 2018 59.8969  37 0.105845 0.0879529 0.488873
fishery 2018 59.8969  38 0.092117 0.0865277 0.153854
fishery 2018 59.8969  39 0.284587 0.320006 -0.587625
fishery 2022 59.8969  15 0.000389897 0.00217576 -0.295954
fishery 2022 59.8969  16 0.000164296 0.00150524 -0.26681
fishery 2022 59.8969  17 0.00046437 0.00205196 -0.270863
fishery 2022 59.8969  18 0.000784089 0.00253637 -0.269091
fishery 2022 59.8969  19 0.00105746 0.00294439 -0.269072
fishery 2022 59.8969  20 0.00118816 0.00334126 -0.288331
fishery 2022 59.8969  21 0.0019751 0.003961 -0.244384
fishery 2022 59.8969  22 0.00384391 0.00496844 -0.123655
fishery 2022 59.8969  23 0.00329366 0.0064411 -0.304262
fishery 2022 59.8969  24 0.00424348 0.00855834 -0.362317
fishery 2022 59.8969  25 0.00586466 0.0111129 -0.387289
fishery 2022 59.8969  26 0.00793777 0.0141588 -0.407379
fishery 2022 59.8969  27 0.0112074 0.0176276 -0.377479
fishery 2022 59.8969  28 0.0165241 0.0215585 -0.268209
fishery 2022 59.8969  29 0.0189001 0.0258233 -0.337757
fishery 2022 59.8969  30 0.0225843 0.0311932 -0.383204
fishery 2022 59.8969  31 0.0329149 0.0372134 -0.17573
fishery 2022 59.8969  32 0.0458166 0.0447018 0.0417488
fishery 2022 59.8969  33 0.0573998 0.0533529 0.139352
fishery 2022 59.8969  34 0.0671253 0.0631556 0.126296
fishery 2022 59.8969  35 0.0831876 0.0726582 0.313918
fishery 2022 59.8969  36 0.0952859 0.0806192 0.416911
fishery 2022 59.8969  37 0.0988313 0.0846729 0.393579
fishery 2022 59.8969  38 0.0954896 0.0837188 0.328897
fishery 2022 59.8969  39 0.323526 0.319949 0.0593487
