BSAI_pop
0 # SSL Species???
0 # Constant buffer of Dorn
1 # Number of fsheries
1 # Number of sexes??
0.063351 #  average 5 yr f 
1 # author f
0.4 # ABC SPR
0.35 # MSY SPR
4 # Spawnmo
38 # Number of ages
1 # Fratio
 # Natural mortality 
 0.04 0.04 0.04 0.04 0.04 0.04 0.04 0.04 0.04 0.04 0.04 0.04 0.04 0.04 0.04 0.04 0.04 0.04 0.04 0.04 0.04 0.04 0.04 0.04 0.04 0.04 0.04 0.04 0.04 0.04 0.04 0.04 0.04 0.04 0.04 0.04 0.04 0.04
 # Maturity 
 0.011765 0.0240383 0.0484869 0.0953715 0.17906 0.310944 0.482833 0.658883 0.799847 0.892098 0.944766 0.972519 0.986526 0.993442 0.996819 0.99846 0.999255 0.99964 0.999826 0.999916 0.999959 0.99998 0.99999 0.999995 0.999998 0.999999 0.999999 1 1 1 1 1 1 1 1 1 1 1
 # Wt Spawn 
 94 146 203 265 327 389 448 505 558 607 653 694 731 765 795 822 846 868 887 904 919 932 944 954 963 971 977 983 988 992 996 999 1002 1004 1005 1007 1008 1013
 # Wt Fish 
 94 146 203 265 327 389 448 505 558 607 653 694 731 765 795 822 846 868 887 904 919 932 944 954 963 971 977 983 988 992 996 999 1002 1004 1005 1007 1008 1013
 # selectivity 
 0.144736 0.189142 0.246101 0.317323 0.403553 0.503788 0.614441 0.728661 0.836201 0.924187 0.979856 1 0.989472 0.95614 0.90888 0.856083 0.804836 0.760754 0.728263 0.711056 0.709271 0.720104 0.741194 0.770374 0.805345 0.843429 0.88141 0.91547 0.941297 0.955965 0.959928 0.9544 0.940875 0.920995 0.896442 0.868842 0.839709 0.810404
 # natage 
 77.9368 74.1536 70.4528 24.0895 22.6481 101.46 44.0491 90.0725 44.8853 56.9894 57.8074 31.2371 26.458 74.71 24.9546 26.3717 47.4783 36.3544 9.82879 22.3413 8.09582 55.4128 10.8378 31.6955 7.50552 31.884 13.4271 16.4042 4.73619 5.22569 3.16383 6.01165 9.26142 16.269 4.28287 9.01887 3.36954 48.3989
 # Nrec 
42
 # rec 
 37.0766 23.2944 44.4119 78.8751 94.4551 56.3089 44.1308 235.486 45.4456 111.828 48.8571 170.456 89.6565 53.7916 26.1975 40.1354 33.8001 108.961 83.2168 184.832 40.7741 161.676 51.9641 249.782 34.2827 88.7641 36.5571 126.175 153.165 78.7662 68.7264 188.968 61.2652 66.1292 111.886 101.097 73.3022 136.151 61.9766 133.582 28.0118 28.1198
 # ssb 
 63782 61198.8 59885.2 59240.1 59540.1 60434.5 62805.8 65840 69639.5 74546.5 80406.7 87308.9 95615.3 103983 111201 122849 134129 145814 159230 172316 183837 195440 206028 213671 220857 227682 234691 242951 254555 268066 281091 292948 305464 317572 326509 331822 335810 337455 339109 341108 342804 343363
