 index year n comp_unit obs pred pearson
AI_survey 1991 167.336  3 0.0267643 0.0185834 0.783417
AI_survey 1991 167.336  4 0.0235792 0.0156231 0.829645
AI_survey 1991 167.336  5 0.0458671 0.0411333 0.308305
AI_survey 1991 167.336  6 0.0500069 0.0658152 -0.824648
AI_survey 1991 167.336  7 0.209272 0.161548 1.67735
AI_survey 1991 167.336  8 0.0946267 0.0842811 0.481705
AI_survey 1991 167.336  9 0.0755436 0.0750422 0.0246183
AI_survey 1991 167.336  10 0.111214 0.096554 0.642062
AI_survey 1991 167.336  11 0.0472233 0.0830806 -1.68048
AI_survey 1991 167.336  12 0.0558384 0.0519848 0.224529
AI_survey 1991 167.336  13 0.0411151 0.0335948 0.539826
AI_survey 1991 167.336  14 0.0367047 0.0313958 0.393753
AI_survey 1991 167.336  15 0.0134379 0.0283652 -1.16294
AI_survey 1991 167.336  16 0.00214396 0.0198545 -1.64189
AI_survey 1991 167.336  17 0.00237372 0.0143795 -1.3041
AI_survey 1991 167.336  18 0.00260942 0.013659 -1.23101
AI_survey 1991 167.336  19 0.00281155 0.0143885 -1.25713
AI_survey 1991 167.336  20 0.00321176 0.0139362 -1.18302
AI_survey 1991 167.336  21 0.00143772 0.0118792 -1.24617
AI_survey 1991 167.336  22 0 0.00914092 -1.24179
AI_survey 1991 167.336  23 0.00251528 0.00683172 -0.677374
AI_survey 1991 167.336  24 0.00681028 0.00545646 0.237516
AI_survey 1991 167.336  25 0.00387777 0.00470956 -0.156994
AI_survey 1991 167.336  26 0 0.00442683 -0.861622
AI_survey 1991 167.336  27 0.0045178 0.00483413 -0.0589355
AI_survey 1991 167.336  28 0.00207745 0.00574151 -0.626785
AI_survey 1991 167.336  29 0.00308604 0.0062379 -0.517435
AI_survey 1991 167.336  30 0 0.0055758 -0.967777
AI_survey 1991 167.336  31 0.00398628 0.00406387 -0.0157572
AI_survey 1991 167.336  32 0.00496519 0.00261734 0.593303
AI_survey 1991 167.336  33 0.00150405 0.00173603 -0.0718765
AI_survey 1991 167.336  34 0.00218975 0.00129312 0.321514
AI_survey 1991 167.336  35 0 0.00100374 -0.408012
AI_survey 1991 167.336  36 0.00110536 0.000754174 0.164402
AI_survey 1991 167.336  37 0.00254308 0.00055588 1.08093
AI_survey 1991 167.336  38 0.00281155 0.000508725 1.30827
AI_survey 1991 167.336  39 0.00103872 0.000676665 0.178793
AI_survey 1991 167.336  40 0.11119 0.0587369 2.8855
AI_survey 1994 151.648  3 0.00264887 0.0031558 -0.111125
AI_survey 1994 151.648  4 0.00919764 0.012046 -0.321397
AI_survey 1994 151.648  5 0.0293964 0.0386386 -0.590455
AI_survey 1994 151.648  6 0.0622371 0.0789042 -0.761293
AI_survey 1994 151.648  7 0.0822603 0.0598407 1.1639
AI_survey 1994 151.648  8 0.099726 0.0833567 0.729213
AI_survey 1994 151.648  9 0.0995231 0.0964608 0.127731
AI_survey 1994 151.648  10 0.165697 0.143842 0.766919
AI_survey 1994 151.648  11 0.0605127 0.0849257 -1.07837
AI_survey 1994 151.648  12 0.0744278 0.0556259 1.01012
AI_survey 1994 151.648  13 0.0601839 0.0611813 -0.051248
AI_survey 1994 151.648  14 0.0295026 0.0518808 -1.24242
AI_survey 1994 151.648  15 0.0339615 0.0335356 0.0291296
AI_survey 1994 151.648  16 0.0381025 0.0220144 1.34992
AI_survey 1994 151.648  17 0.0254175 0.019107 0.567497
AI_survey 1994 151.648  18 0.0185436 0.0169066 0.156319
AI_survey 1994 151.648  19 0.00444551 0.0125798 -0.898419
AI_survey 1994 151.648  20 0.00977925 0.00945847 0.0407901
AI_survey 1994 151.648  21 0.00444129 0.00878957 -0.573357
AI_survey 1994 151.648  22 0.00293109 0.00904374 -0.794712
AI_survey 1994 151.648  23 0.00620716 0.00875406 -0.336503
AI_survey 1994 151.648  24 0.00256362 0.00756847 -0.710676
AI_survey 1994 151.648  25 0.00215006 0.00596405 -0.609488
AI_survey 1994 151.648  26 0.00489018 0.00455079 0.0620279
AI_survey 1994 151.648  27 0.00488993 0.00363424 0.256618
AI_survey 1994 151.648  28 0.00339267 0.00314175 0.0551268
AI_survey 1994 151.648  29 0.00495826 0.00299675 0.441178
AI_survey 1994 151.648  30 0.00121133 0.00323273 -0.437846
AI_survey 1994 151.648  31 0.00198121 0.0036817 -0.345291
AI_survey 1994 151.648  32 0.00254663 0.00388917 -0.265282
AI_survey 1994 151.648  33 0.00320655 0.00350561 -0.0622221
AI_survey 1994 151.648  34 0.000683161 0.00266497 -0.4725
AI_survey 1994 151.648  35 0.000966931 0.0018026 -0.241934
AI_survey 1994 151.648  36 0.00193512 0.00121538 0.253349
AI_survey 1994 151.648  37 0.00115138 0.000887526 0.108506
AI_survey 1994 151.648  38 0.00201756 0.000731939 0.581446
AI_survey 1994 151.648  39 0.000631028 0.000711938 -0.0370959
AI_survey 1994 151.648  40 0.0416812 0.0397729 0.120239
AI_survey 1997 183.024  3 0.0200808 0.00906832 1.57079
AI_survey 1997 183.024  4 0.0105349 0.00681208 0.611855
AI_survey 1997 183.024  5 0.0141637 0.012365 0.220108
AI_survey 1997 183.024  6 0.0281022 0.0185018 0.963553
AI_survey 1997 183.024  7 0.0478035 0.0447299 0.201136
AI_survey 1997 183.024  8 0.0952138 0.0890132 0.294565
AI_survey 1997 183.024  9 0.139196 0.118964 0.845435
AI_survey 1997 183.024  10 0.116381 0.0811823 1.74344
AI_survey 1997 183.024  11 0.118905 0.0758403 2.20052
AI_survey 1997 183.024  12 0.0646075 0.0839481 -0.943485
AI_survey 1997 183.024  13 0.0896336 0.0995847 -0.449564
AI_survey 1997 183.024  14 0.035363 0.0676692 -1.73992
AI_survey 1997 183.024  15 0.0271009 0.0432117 -1.0718
AI_survey 1997 183.024  16 0.0213526 0.0421254 -1.39885
AI_survey 1997 183.024  17 0.0277823 0.0360047 -0.597002
AI_survey 1997 183.024  18 0.0125296 0.0245865 -1.05307
AI_survey 1997 183.024  19 0.00935576 0.0166783 -0.773329
AI_survey 1997 183.024  20 0.0163271 0.0138146 0.29111
AI_survey 1997 183.024  21 0.0129195 0.0119935 0.11504
AI_survey 1997 183.024  22 0.00763803 0.00933998 -0.23924
AI_survey 1997 183.024  23 0.0047469 0.00727548 -0.402243
AI_survey 1997 183.024  24 0.00222508 0.00662406 -0.733097
AI_survey 1997 183.024  25 0.00158541 0.00663145 -0.840466
AI_survey 1997 183.024  26 0.0078552 0.00637198 0.251983
AI_survey 1997 183.024  27 0.00433992 0.00556654 -0.222842
AI_survey 1997 183.024  28 0.00117309 0.00447123 -0.668034
AI_survey 1997 183.024  29 0.00314951 0.00347044 -0.0737218
AI_survey 1997 183.024  30 0.00285205 0.00278275 0.0177653
AI_survey 1997 183.024  31 0.00480853 0.0024104 0.660251
AI_survey 1997 183.024  32 0.00522099 0.00231119 0.818027
AI_survey 1997 183.024  33 0.000626804 0.00245464 -0.498713
AI_survey 1997 183.024  34 0.00169868 0.00270178 -0.260951
AI_survey 1997 183.024  35 0.000546288 0.00279065 -0.574548
AI_survey 1997 183.024  36 0.00210081 0.00253582 -0.116786
AI_survey 1997 183.024  37 0.00327572 0.00199911 0.385695
AI_survey 1997 183.024  38 0.00114594 0.00145441 -0.109134
AI_survey 1997 183.024  39 0 0.00112288 -0.451586
AI_survey 1997 183.024  40 0.0376585 0.0315919 0.469154
AI_survey 2000 183.024  3 0.0173721 0.00592526 2.01609
AI_survey 2000 183.024  4 0.0495964 0.0278737 1.78499
AI_survey 2000 183.024  5 0.0473867 0.0304533 1.33299
AI_survey 2000 183.024  6 0.0635768 0.0465893 1.09033
AI_survey 2000 183.024  7 0.0276385 0.0309867 -0.261369
AI_survey 2000 183.024  8 0.0504418 0.0311368 1.50345
AI_survey 2000 183.024  9 0.0274793 0.0329907 -0.417391
AI_survey 2000 183.024  10 0.0680719 0.0536679 0.86461
AI_survey 2000 183.024  11 0.0787976 0.0856139 -0.329562
AI_survey 2000 183.024  12 0.135666 0.0985681 1.68362
AI_survey 2000 183.024  13 0.0516208 0.0724752 -1.08809
AI_survey 2000 183.024  14 0.0521243 0.0613066 -0.517796
AI_survey 2000 183.024  15 0.0395737 0.066684 -1.47005
AI_survey 2000 183.024  16 0.0467571 0.0713137 -1.29084
AI_survey 2000 183.024  17 0.028805 0.0532596 -1.4732
AI_survey 2000 183.024  18 0.0190933 0.0357646 -1.21436
AI_survey 2000 183.024  19 0.0224114 0.0317496 -0.72043
AI_survey 2000 183.024  20 0.021309 0.0271702 -0.487635
AI_survey 2000 183.024  21 0.0108244 0.0195307 -0.850948
AI_survey 2000 183.024  22 0.0110573 0.0136674 -0.304024
AI_survey 2000 183.024  23 0.0145527 0.0109553 0.467327
AI_survey 2000 183.024  24 0.00609345 0.00931001 -0.452866
AI_survey 2000 183.024  25 0.00648161 0.00746504 -0.154461
AI_survey 2000 183.024  26 0.00342019 0.00597373 -0.447933
AI_survey 2000 183.024  27 0.00195956 0.00534846 -0.627999
AI_survey 2000 183.024  28 0.00293122 0.00520598 -0.427226
AI_survey 2000 183.024  29 0.00370235 0.00495149 -0.240513
AI_survey 2000 183.024  30 0.00902341 0.00435793 0.957111
AI_survey 2000 183.024  31 0.00130457 0.00356015 -0.511616
AI_survey 2000 183.024  32 0.0017625 0.00281004 -0.267244
AI_survey 2000 183.024  33 0.00194806 0.00226984 -0.0912785
AI_survey 2000 183.024  34 0.00509874 0.00197105 0.951612
AI_survey 2000 183.024  35 0.00521747 0.0018886 1.03454
AI_survey 2000 183.024  36 0.00468313 0.0019765 0.822372
AI_survey 2000 183.024  37 0.00402159 0.00212041 0.557838
AI_survey 2000 183.024  38 7.10415e-005 0.0021841 -0.610961
AI_survey 2000 183.024  39 0.00224808 0.0020863 0.0478513
AI_survey 2000 183.024  40 0.0558774 0.0288379 2.18551
AI_survey 2002 94.1265  3 0.0207811 0.00586027 1.89495
AI_survey 2002 94.1265  4 0.0672494 0.0213203 3.08409
AI_survey 2002 94.1265  5 0.0411937 0.0239294 1.09574
AI_survey 2002 94.1265  6 0.0562695 0.0719631 -0.589134
AI_survey 2002 94.1265  7 0.0638816 0.0654796 -0.0626696
AI_survey 2002 94.1265  8 0.0598368 0.0688509 -0.34537
AI_survey 2002 94.1265  9 0.0412807 0.0409985 0.0138056
AI_survey 2002 94.1265  10 0.0485283 0.030878 0.989748
AI_survey 2002 94.1265  11 0.0270102 0.0308998 -0.218039
AI_survey 2002 94.1265  12 0.0221413 0.0457662 -1.09668
AI_survey 2002 94.1265  13 0.085139 0.0689347 0.62051
AI_survey 2002 94.1265  14 0.065396 0.0767147 -0.412589
AI_survey 2002 94.1265  15 0.0257167 0.0596346 -1.38948
AI_survey 2002 94.1265  16 0.0370482 0.0500815 -0.579679
AI_survey 2002 94.1265  17 0.0449581 0.0532269 -0.357331
AI_survey 2002 94.1265  18 0.0706296 0.0547821 0.675608
AI_survey 2002 94.1265  19 0.0269117 0.0427158 -0.758165
AI_survey 2002 94.1265  20 0.0345652 0.0298502 0.268764
AI_survey 2002 94.1265  21 0 0.0253319 -1.56379
AI_survey 2002 94.1265  22 0.0192856 0.0215364 -0.150392
AI_survey 2002 94.1265  23 0.0115127 0.0159218 -0.341639
AI_survey 2002 94.1265  24 0.00629131 0.0113485 -0.463003
AI_survey 2002 94.1265  25 0.00629131 0.00894476 -0.27327
AI_survey 2002 94.1265  26 0.00491649 0.00749304 -0.289675
AI_survey 2002 94.1265  27 0.00103292 0.00608032 -0.629404
AI_survey 2002 94.1265  28 0.00495702 0.00493792 0.00264127
AI_survey 2002 94.1265  29 0.00592611 0.00438333 0.226318
AI_survey 2002 94.1265  30 0.00764019 0.00419519 0.516497
AI_survey 2002 94.1265  31 2.02032e-005 0.00396104 -0.607933
AI_survey 2002 94.1265  32 0.00165386 0.00349849 -0.302669
AI_survey 2002 94.1265  33 0.00573296 0.00288766 0.51356
AI_survey 2002 94.1265  34 0 0.00230405 -0.465226
AI_survey 2002 94.1265  35 0.00638994 0.00187366 1.01052
AI_survey 2002 94.1265  36 0.00495702 0.00163464 0.795478
AI_survey 2002 94.1265  37 0.00117791 0.00156697 -0.0951272
AI_survey 2002 94.1265  38 0 0.00164657 -0.392818
AI_survey 2002 94.1265  39 0 0.00181118 -0.412132
AI_survey 2002 94.1265  40 0.0736774 0.026756 2.82051
AI_survey 2004 167.336  3 0.00592539 0.00531821 0.10789
AI_survey 2004 167.336  4 0.0270057 0.0290467 -0.157188
AI_survey 2004 167.336  5 0.0187448 0.0233218 -0.392221
AI_survey 2004 167.336  6 0.0516861 0.0542948 -0.148906
AI_survey 2004 167.336  7 0.049296 0.0517452 -0.143014
AI_survey 2004 167.336  8 0.110802 0.0994251 0.491792
AI_survey 2004 167.336  9 0.0844798 0.0805926 0.184716
AI_survey 2004 167.336  10 0.0948309 0.0654129 1.53899
AI_survey 2004 167.336  11 0.0488706 0.0388463 0.671
AI_survey 2004 167.336  12 0.0308364 0.0260779 0.386182
AI_survey 2004 167.336  13 0.0269138 0.0258877 0.0835696
AI_survey 2004 167.336  14 0.0326228 0.0366445 -0.276855
AI_survey 2004 167.336  15 0.0212118 0.0527588 -1.8253
AI_survey 2004 167.336  16 0.0463063 0.0577088 -0.632481
AI_survey 2004 167.336  17 0.0358566 0.0470964 -0.686264
AI_survey 2004 167.336  18 0.0434737 0.0399596 0.232063
AI_survey 2004 167.336  19 0.0409724 0.0413587 -0.0250936
AI_survey 2004 167.336  20 0.045023 0.0414845 0.229521
AI_survey 2004 167.336  21 0.0155763 0.0334095 -1.28353
AI_survey 2004 167.336  22 0.0143906 0.0242294 -0.827566
AI_survey 2004 167.336  23 0.020804 0.0199439 0.0795609
AI_survey 2004 167.336  24 0.0189785 0.0167706 0.222356
AI_survey 2004 167.336  25 0.0102693 0.0126774 -0.278328
AI_survey 2004 167.336  26 0.00604909 0.00919067 -0.425638
AI_survey 2004 167.336  27 0.00736453 0.00715843 0.0316029
AI_survey 2004 167.336  28 0.00843001 0.00591852 0.423199
AI_survey 2004 167.336  29 0.0052884 0.00483718 0.084042
AI_survey 2004 167.336  30 0.00120827 0.0039763 -0.56826
AI_survey 2004 167.336  31 0.00166721 0.0035099 -0.402482
AI_survey 2004 167.336  32 0.000671878 0.00330709 -0.592862
AI_survey 2004 167.336  33 0.00661548 0.00309875 0.817178
AI_survey 2004 167.336  34 0 0.00274469 -0.677409
AI_survey 2004 167.336  35 0.00581219 0.00228772 0.952224
AI_survey 2004 167.336  36 0.0027179 0.00184936 0.260797
AI_survey 2004 167.336  37 0.00137561 0.00152091 -0.0480725
AI_survey 2004 167.336  38 0.00158332 0.00135508 0.0799658
AI_survey 2004 167.336  39 0.00423293 0.00136114 1.00393
AI_survey 2004 167.336  40 0.0521066 0.023873 2.39202
AI_survey 2006 109.814  3 0.00454001 0.00309495 0.272184
AI_survey 2006 109.814  4 0.00564111 0.0100056 -0.45931
AI_survey 2006 109.814  5 0.020117 0.0213709 -0.0908371
AI_survey 2006 109.814  6 0.0967323 0.0736956 0.923897
AI_survey 2006 109.814  7 0.0740622 0.053123 0.978278
AI_survey 2006 109.814  8 0.0784446 0.077248 0.0469619
AI_survey 2006 109.814  9 0.0939416 0.0661011 1.17414
AI_survey 2006 109.814  10 0.0730983 0.0911795 -0.658183
AI_survey 2006 109.814  11 0.0593438 0.0745384 -0.60621
AI_survey 2006 109.814  12 0.0674044 0.0542702 0.607475
AI_survey 2006 109.814  13 0.0303219 0.033234 -0.170223
AI_survey 2006 109.814  14 0.00756303 0.0217542 -1.01919
AI_survey 2006 109.814  15 0.0161531 0.02154 -0.388752
AI_survey 2006 109.814  16 0.0303773 0.0296085 0.047521
AI_survey 2006 109.814  17 0.0210574 0.0410206 -1.05464
AI_survey 2006 109.814  18 0.0412303 0.0444939 -0.165845
AI_survey 2006 109.814  19 0.0328079 0.037855 -0.277102
AI_survey 2006 109.814  20 0.0179731 0.0326369 -0.864693
AI_survey 2006 109.814  21 0.0281437 0.0329065 -0.279742
AI_survey 2006 109.814  22 0.0147398 0.0323548 -1.04309
AI_survey 2006 109.814  23 0.0254843 0.026695 -0.0786985
AI_survey 2006 109.814  24 0.0280418 0.0199539 0.605932
AI_survey 2006 109.814  25 0.014163 0.0160898 -0.160429
AI_survey 2006 109.814  26 0.00636351 0.0133493 -0.637635
AI_survey 2006 109.814  27 0.0109308 0.0102558 0.0701737
AI_survey 2006 109.814  28 0.00613248 0.00755349 -0.171876
AI_survey 2006 109.814  29 0.0134661 0.00583804 1.04837
AI_survey 2006 109.814  30 0.000539911 0.00477125 -0.642802
AI_survey 2006 109.814  31 0.00190704 0.00391784 -0.33688
AI_survey 2006 109.814  32 0.00484725 0.00324928 0.293797
AI_survey 2006 109.814  33 0.00827856 0.0028562 1.06289
AI_survey 2006 109.814  34 0.00294021 0.00265587 0.0577867
AI_survey 2006 109.814  35 0.00106467 0.00246993 -0.296077
AI_survey 2006 109.814  36 0.00156666 0.0021958 -0.140533
AI_survey 2006 109.814  37 0.000539911 0.00185158 -0.318872
AI_survey 2006 109.814  38 0.00212759 0.0015345 0.15827
AI_survey 2006 109.814  39 0 0.00133522 -0.381749
AI_survey 2006 109.814  40 0.0579136 0.0213956 2.64406
AI_survey 2010 162.107  3 0.00423406 0.00443093 -0.0376986
AI_survey 2010 162.107  4 0.00521345 0.0114945 -0.749917
AI_survey 2010 162.107  5 0.0173698 0.0320413 -1.06054
AI_survey 2010 162.107  6 0.0280817 0.0386305 -0.696848
AI_survey 2010 162.107  7 0.00978627 0.0288523 -1.44996
AI_survey 2010 162.107  8 0.0294372 0.0423337 -0.815405
AI_survey 2010 162.107  9 0.0563175 0.0585038 -0.118599
AI_survey 2010 162.107  10 0.144053 0.101136 1.81223
AI_survey 2010 162.107  11 0.0997219 0.0749177 1.19954
AI_survey 2010 162.107  12 0.085765 0.0647165 1.08921
AI_survey 2010 162.107  13 0.0319746 0.0584516 -1.43686
AI_survey 2010 162.107  14 0.0727691 0.0615528 0.594141
AI_survey 2010 162.107  15 0.0350579 0.0530287 -1.02095
AI_survey 2010 162.107  16 0.0449847 0.0373312 0.513963
AI_survey 2010 162.107  17 0.0125169 0.0240055 -0.955426
AI_survey 2010 162.107  18 0.00828511 0.0162594 -0.802545
AI_survey 2010 162.107  19 0.00771675 0.0159279 -0.834788
AI_survey 2010 162.107  20 0.0203305 0.020836 -0.0450482
AI_survey 2010 162.107  21 0.0310586 0.0270788 0.312127
AI_survey 2010 162.107  22 0.0253871 0.029211 -0.289065
AI_survey 2010 162.107  23 0.0217057 0.0264825 -0.378713
AI_survey 2010 162.107  24 0.0266665 0.0235697 0.259858
AI_survey 2010 162.107  25 0.0242023 0.0227768 0.121625
AI_survey 2010 162.107  26 0.0361046 0.0216934 1.25922
AI_survey 2010 162.107  27 0.0213829 0.0184581 0.276584
AI_survey 2010 162.107  28 0.0118395 0.0144368 -0.277135
AI_survey 2010 162.107  29 0.0140637 0.0114308 0.315219
AI_survey 2010 162.107  30 0.00742467 0.00925508 -0.243247
AI_survey 2010 162.107  31 0.00299546 0.00723668 -0.636651
AI_survey 2010 162.107  32 0.00382601 0.00546868 -0.283338
AI_survey 2010 162.107  33 0.00596227 0.00420959 0.34426
AI_survey 2010 162.107  34 0.00293407 0.0033794 -0.0975555
AI_survey 2010 162.107  35 0.00278575 0.00278079 0.00119575
AI_survey 2010 162.107  36 0.00202148 0.00233861 -0.0834159
AI_survey 2010 162.107  37 0 0.00205215 -0.575967
AI_survey 2010 162.107  38 0.00335722 0.00189322 0.427672
AI_survey 2010 162.107  39 0.00522267 0.0017946 1.02837
AI_survey 2010 162.107  40 0.0374439 0.0200032 1.58561
AI_survey 2012 177.795  3 0.00282724 0.00507017 -0.420669
AI_survey 2012 177.795  4 0.0144218 0.0187515 -0.425495
AI_survey 2012 177.795  5 0.0107932 0.0168701 -0.628999
AI_survey 2012 177.795  6 0.0152454 0.0336776 -1.3622
AI_survey 2012 177.795  7 0.0498032 0.0664221 -0.889816
AI_survey 2012 177.795  8 0.053461 0.0627623 -0.511324
AI_survey 2012 177.795  9 0.0256585 0.0395509 -0.950317
AI_survey 2012 177.795  10 0.0549934 0.0430542 0.784217
AI_survey 2012 177.795  11 0.0767677 0.0567647 1.15258
AI_survey 2012 177.795  12 0.10716 0.0830184 1.16664
AI_survey 2012 177.795  13 0.0567801 0.0666142 -0.525836
AI_survey 2012 177.795  14 0.0384157 0.0541079 -0.924814
AI_survey 2012 177.795  15 0.0480797 0.0496519 -0.0964951
AI_survey 2012 177.795  16 0.0486457 0.0497293 -0.0664576
AI_survey 2012 177.795  17 0.0385192 0.0432823 -0.312073
AI_survey 2012 177.795  18 0.0246901 0.030975 -0.48363
AI_survey 2012 177.795  19 0.00760131 0.0203481 -1.20354
AI_survey 2012 177.795  20 0.0089367 0.0142066 -0.593568
AI_survey 2012 177.795  21 0.0105669 0.013834 -0.372839
AI_survey 2012 177.795  22 0.0124311 0.0176127 -0.525111
AI_survey 2012 177.795  23 0.0319456 0.0222707 0.87405
AI_survey 2012 177.795  24 0.024386 0.0239784 0.0355251
AI_survey 2012 177.795  25 0.0130812 0.0222342 -0.827557
AI_survey 2012 177.795  26 0.021501 0.0200302 0.139944
AI_survey 2012 177.795  27 0.0424775 0.01904 2.28612
AI_survey 2012 177.795  28 0.0200259 0.0178947 0.214302
AI_survey 2012 177.795  29 0.0149828 0.0153542 -0.0402642
AI_survey 2012 177.795  30 0.0104291 0.0122115 -0.216316
AI_survey 2012 177.795  31 0.0130743 0.0096589 0.465389
AI_survey 2012 177.795  32 0.011977 0.00774832 0.642648
AI_survey 2012 177.795  33 0.00842952 0.00608086 0.4025
AI_survey 2012 177.795  34 0.0173839 0.00464132 2.49713
AI_survey 2012 177.795  35 0.00411105 0.0035812 0.118106
AI_survey 2012 177.795  36 0.00277866 0.00286519 -0.0215474
AI_survey 2012 177.795  37 0.00537288 0.00236224 0.825191
AI_survey 2012 177.795  38 0.00346442 0.00201275 0.430818
AI_survey 2012 177.795  39 0.00334705 0.00181593 0.478214
AI_survey 2012 177.795  40 0.0454342 0.0199157 2.43488
AI_survey 2014 172.565  3 0.00192822 0.00628027 -0.723112
AI_survey 2014 172.565  4 0.00764481 0.0078091 -0.024503
AI_survey 2014 172.565  5 0.0165638 0.0196765 -0.294338
AI_survey 2014 172.565  6 0.0525226 0.0520725 0.0266116
AI_survey 2014 172.565  7 0.0326069 0.0402344 -0.509829
AI_survey 2014 172.565  8 0.0638929 0.0532051 0.625493
AI_survey 2014 172.565  9 0.114606 0.0788884 1.74051
AI_survey 2014 172.565  10 0.132039 0.0665258 3.45327
AI_survey 2014 172.565  11 0.0650705 0.0404328 1.64294
AI_survey 2014 172.565  12 0.0366909 0.0383422 -0.112953
AI_survey 2014 172.565  13 0.0556186 0.049809 0.350766
AI_survey 2014 172.565  14 0.0632501 0.0659704 -0.143947
AI_survey 2014 172.565  15 0.04775 0.056285 -0.486439
AI_survey 2014 172.565  16 0.0231168 0.0451988 -1.39621
AI_survey 2014 172.565  17 0.0167029 0.0415481 -1.63535
AI_survey 2014 172.565  18 0.0314786 0.0404886 -0.600427
AI_survey 2014 172.565  19 0.0175442 0.0353844 -1.26834
AI_survey 2014 172.565  20 0.0154001 0.0258995 -0.868183
AI_survey 2014 172.565  21 0.00755046 0.0173982 -0.989123
AI_survey 2014 172.565  22 0.00669204 0.012497 -0.686166
AI_survey 2014 172.565  23 0.00970533 0.0120967 -0.287244
AI_survey 2014 172.565  24 0.00584136 0.014947 -0.985456
AI_survey 2014 172.565  25 0.0133306 0.0184234 -0.497354
AI_survey 2014 172.565  26 0.0165756 0.0197881 -0.302941
AI_survey 2014 172.565  27 0.00918943 0.0186654 -0.919517
AI_survey 2014 172.565  28 0.0186455 0.0169788 0.169422
AI_survey 2014 172.565  29 0.00918758 0.0159248 -0.706759
AI_survey 2014 172.565  30 0.0151798 0.0147921 0.0421801
AI_survey 2014 172.565  31 0.0112761 0.0127691 -0.17461
AI_survey 2014 172.565  32 0.00685647 0.0102944 -0.447213
AI_survey 2014 172.565  33 0.0051845 0.00815513 -0.433635
AI_survey 2014 172.565  34 0.00665109 0.00650284 0.0242098
AI_survey 2014 172.565  35 0.00763164 0.00511618 0.462715
AI_survey 2014 172.565  36 0.00453965 0.00394548 0.124351
AI_survey 2014 172.565  37 0.00309185 0.00306193 0.0071039
AI_survey 2014 172.565  38 0.00304949 0.00246315 0.155074
AI_survey 2014 172.565  39 0.00278475 0.00208152 0.202208
AI_survey 2014 172.565  40 0.0426093 0.020048 2.11397
AI_survey 2016 172.565  3 0.00163788 0.0047406 -0.59276
AI_survey 2016 172.565  4 0.00669562 0.0119908 -0.638809
AI_survey 2016 172.565  5 0.00935059 0.0216489 -1.10984
AI_survey 2016 172.565  6 0.0128726 0.0240109 -0.95561
AI_survey 2016 172.565  7 0.034253 0.0430611 -0.569933
AI_survey 2016 172.565  8 0.106861 0.079532 1.32678
AI_survey 2016 172.565  9 0.0513318 0.0562837 -0.282225
AI_survey 2016 172.565  10 0.0738172 0.0562395 1.00219
AI_survey 2016 172.565  11 0.109674 0.0717152 1.93249
AI_survey 2016 172.565  12 0.0742073 0.0592533 0.831967
AI_survey 2016 172.565  13 0.0302067 0.0370918 -0.478521
AI_survey 2016 172.565  14 0.0204052 0.0333052 -0.944289
AI_survey 2016 172.565  15 0.031599 0.0423373 -0.70048
AI_survey 2016 172.565  16 0.0301993 0.0527171 -1.32357
AI_survey 2016 172.565  17 0.0270407 0.0470697 -1.2422
AI_survey 2016 172.565  18 0.0359383 0.0383565 -0.165383
AI_survey 2016 172.565  19 0.027746 0.0350969 -0.524662
AI_survey 2016 172.565  20 0.0352564 0.0336294 0.118538
AI_survey 2016 172.565  21 0.034157 0.0294042 0.369516
AI_survey 2016 172.565  22 0.0179012 0.0219958 -0.366656
AI_survey 2016 172.565  23 0.0116917 0.0151264 -0.369544
AI_survey 2016 172.565  24 0.00598421 0.0111189 -0.642977
AI_survey 2016 172.565  25 0.0181824 0.0106613 0.961568
AI_survey 2016 172.565  26 0.00881111 0.0127663 -0.462628
AI_survey 2016 172.565  27 0.0167903 0.015356 0.153173
AI_survey 2016 172.565  28 0.00823698 0.0164476 -0.847763
AI_survey 2016 172.565  29 0.0137459 0.0157161 -0.208036
AI_survey 2016 172.565  30 0.0189872 0.0144112 0.504216
AI_survey 2016 172.565  31 0.021163 0.0133909 0.887916
AI_survey 2016 172.565  32 0.0124169 0.0123116 0.0125426
AI_survey 2016 172.565  33 0.00946871 0.0106722 -0.153791
AI_survey 2016 172.565  34 0.00916152 0.00870356 0.0647303
AI_survey 2016 172.565  35 0.00894061 0.00692799 0.318516
AI_survey 2016 172.565  36 0.00796818 0.00551378 0.435017
AI_survey 2016 172.565  37 0.0048348 0.0043519 0.096261
AI_survey 2016 172.565  38 0.00852476 0.00339948 1.15503
AI_survey 2016 172.565  39 0.00083472 0.00270187 -0.471641
AI_survey 2016 172.565  40 0.0431059 0.0209427 2.03277
AI_survey 2018 156.877  3 0.00145758 0.00459578 -0.580512
AI_survey 2018 156.877  4 0.0114189 0.0142005 -0.294361
AI_survey 2018 156.877  5 0.00494024 0.0181015 -1.23614
AI_survey 2018 156.877  6 0.0108933 0.0353545 -1.6588
AI_survey 2018 156.877  7 0.024121 0.0475586 -1.37917
AI_survey 2018 156.877  8 0.0202745 0.0414314 -1.32955
AI_survey 2018 156.877  9 0.0405457 0.0540164 -0.746327
AI_survey 2018 156.877  10 0.0978023 0.0788148 0.882561
AI_survey 2018 156.877  11 0.0379113 0.0575819 -1.05754
AI_survey 2018 156.877  12 0.0672163 0.0513309 0.901558
AI_survey 2018 156.877  13 0.0604261 0.0600127 0.021797
AI_survey 2018 156.877  14 0.043899 0.0500155 -0.351422
AI_survey 2018 156.877  15 0.0272366 0.032906 -0.398002
AI_survey 2018 156.877  16 0.0247713 0.0290237 -0.317214
AI_survey 2018 156.877  17 0.0331896 0.0358858 -0.181533
AI_survey 2018 156.877  18 0.0265313 0.0429438 -1.01389
AI_survey 2018 156.877  19 0.0311021 0.0396458 -0.548349
AI_survey 2018 156.877  20 0.0370359 0.0330958 0.27583
AI_survey 2018 156.877  21 0.0377615 0.0300927 0.562136
AI_survey 2018 156.877  22 0.0390401 0.0284317 0.799315
AI_survey 2018 156.877  23 0.0303495 0.0248216 0.444934
AI_survey 2018 156.877  24 0.0194094 0.0189024 0.0466196
AI_survey 2018 156.877  25 0.0171802 0.0132854 0.425911
AI_survey 2018 156.877  26 0.00702498 0.00993979 -0.367836
AI_survey 2018 156.877  27 0.00921625 0.00942014 -0.0264224
AI_survey 2018 156.877  28 0.0125325 0.0109333 0.192529
AI_survey 2018 156.877  29 0.0246938 0.012848 1.31695
AI_survey 2018 156.877  30 0.0243512 0.0137137 1.14521
AI_survey 2018 156.877  31 0.0264849 0.013244 1.45017
AI_survey 2018 156.877  32 0.0222087 0.0122314 1.13646
AI_survey 2018 156.877  33 0.0274 0.0112987 1.90724
AI_survey 2018 156.877  34 0.0137072 0.0103104 0.420976
AI_survey 2018 156.877  35 0.00581607 0.00896611 -0.418321
AI_survey 2018 156.877  36 0.0126092 0.00739164 0.762426
AI_survey 2018 156.877  37 0.00627013 0.00592722 0.0559063
AI_survey 2018 156.877  38 0.00528751 0.00473785 0.100151
AI_survey 2018 156.877  39 0.00294199 0.00379937 -0.174323
AI_survey 2018 156.877  40 0.054942 0.0231891 2.64196
AI_survey 2022 183.024  3 0.000497681 0.00476422 -0.837371
AI_survey 2022 183.024  4 0.00280751 0.00379972 -0.217891
AI_survey 2022 183.024  5 0.00654453 0.0121601 -0.692883
AI_survey 2022 183.024  6 0.0521532 0.0399507 0.842836
AI_survey 2022 183.024  7 0.0309363 0.0431205 -0.811391
AI_survey 2022 183.024  8 0.0713825 0.0646438 0.370723
AI_survey 2022 183.024  9 0.0509963 0.0564229 -0.318147
AI_survey 2022 183.024  10 0.0554774 0.0589568 -0.199827
AI_survey 2022 183.024  11 0.0508328 0.0564828 -0.331083
AI_survey 2022 183.024  12 0.0280662 0.0437753 -1.03864
AI_survey 2022 183.024  13 0.0457461 0.0458627 -0.0075408
AI_survey 2022 183.024  14 0.0498355 0.0543855 -0.27141
AI_survey 2022 183.024  15 0.0311663 0.0448678 -0.895316
AI_survey 2022 183.024  16 0.0453893 0.0386179 0.475371
AI_survey 2022 183.024  17 0.0481946 0.0402381 0.547678
AI_survey 2022 183.024  18 0.0328418 0.0346631 -0.134683
AI_survey 2022 183.024  19 0.0132276 0.0254406 -1.04912
AI_survey 2022 183.024  20 0.00748781 0.0226495 -1.37833
AI_survey 2022 183.024  21 0.0164908 0.0263024 -0.829288
AI_survey 2022 183.024  22 0.0201919 0.0299415 -0.773811
AI_survey 2022 183.024  23 0.0151631 0.0287792 -1.10163
AI_survey 2022 183.024  24 0.0215182 0.0251135 -0.310791
AI_survey 2022 183.024  25 0.0205034 0.0225383 -0.185436
AI_survey 2022 183.024  26 0.0220937 0.020664 0.135933
AI_survey 2022 183.024  27 0.01642 0.0178773 -0.148748
AI_survey 2022 183.024  28 0.0133282 0.013961 -0.0729442
AI_survey 2022 183.024  29 0.00691348 0.0101878 -0.440908
AI_survey 2022 183.024  30 0.0121208 0.00781651 0.660806
AI_survey 2022 183.024  31 0.00840403 0.00720961 0.190865
AI_survey 2022 183.024  32 0.0125747 0.00788289 0.717287
AI_survey 2022 183.024  33 0.0194792 0.0088906 1.52519
AI_survey 2022 183.024  34 0.01639 0.00942112 0.975423
AI_survey 2022 183.024  35 0.0154984 0.00925183 0.882207
AI_survey 2022 183.024  36 0.0132675 0.00867747 0.669143
AI_survey 2022 183.024  37 0.0267906 0.00800473 2.85029
AI_survey 2022 183.024  38 0.0119057 0.00727883 0.735862
AI_survey 2022 183.024  39 0.0120863 0.00642992 0.956661
AI_survey 2022 183.024  40 0.0752765 0.0329694 3.205
EBS_survey 2002 67.1821  3 0.0010779 0.000515871 0.200938
EBS_survey 2002 67.1821  4 0.0010586 0.00183164 -0.147784
EBS_survey 2002 67.1821  5 0.00180105 0.00228063 -0.0822264
EBS_survey 2002 67.1821  6 0.00386036 0.0076546 -0.356597
EBS_survey 2002 67.1821  7 0.0133835 0.00968219 0.30966
EBS_survey 2002 67.1821  8 0.0100626 0.0144969 -0.303973
EBS_survey 2002 67.1821  9 0.0222134 0.0133215 0.635477
EBS_survey 2002 67.1821  10 0.0213387 0.0170715 0.269929
EBS_survey 2002 67.1821  11 0.0400635 0.0259484 0.727581
EBS_survey 2002 67.1821  12 0.0599003 0.0507003 0.343692
EBS_survey 2002 67.1821  13 0.0744646 0.0868613 -0.36077
EBS_survey 2002 67.1821  14 0.0931286 0.103067 -0.267904
EBS_survey 2002 67.1821  15 0.0905787 0.0837995 0.200525
EBS_survey 2002 67.1821  16 0.0692131 0.0732566 -0.127191
EBS_survey 2002 67.1821  17 0.0413078 0.0792795 -1.15191
EBS_survey 2002 67.1821  18 0.076371 0.0821437 -0.172308
EBS_survey 2002 67.1821  19 0.0553283 0.0642227 -0.29736
EBS_survey 2002 67.1821  20 0.052388 0.0449876 0.292607
EBS_survey 2002 67.1821  21 0.0355657 0.0382403 -0.114296
EBS_survey 2002 67.1821  22 0.0167447 0.0325283 -0.72915
EBS_survey 2002 67.1821  23 0.046352 0.0240539 1.19262
EBS_survey 2002 67.1821  24 0.0233087 0.0171476 0.388882
EBS_survey 2002 67.1821  25 0.0208951 0.013517 0.523517
EBS_survey 2002 67.1821  26 0.0161066 0.0113237 0.37034
EBS_survey 2002 67.1821  27 0.00366463 0.00918895 -0.474289
EBS_survey 2002 67.1821  28 0 0.00746257 -0.710246
EBS_survey 2002 67.1821  29 0 0.00662447 -0.668837
EBS_survey 2002 67.1821  30 0 0.00634016 -0.654211
EBS_survey 2002 67.1821  31 0.00176121 0.00598629 -0.448566
EBS_survey 2002 67.1821  32 0.00164803 0.00528724 -0.410926
EBS_survey 2002 67.1821  33 0.00159867 0.0043641 -0.343477
EBS_survey 2002 67.1821  34 0.00786967 0.00348209 0.609634
EBS_survey 2002 67.1821  35 0 0.00283165 -0.436012
EBS_survey 2002 67.1821  36 0 0.00247042 -0.407075
EBS_survey 2002 67.1821  37 0 0.00236815 -0.398505
EBS_survey 2002 67.1821  38 0 0.00248846 -0.408568
EBS_survey 2002 67.1821  39 0.0104982 0.00273723 1.21533
EBS_survey 2002 67.1821  40 0.0864467 0.0404362 1.9143
EBS_survey 2004 82.9897  3 0.000475276 0.000497751 -0.00908863
EBS_survey 2004 82.9897  4 0.00069438 0.00267578 -0.348765
EBS_survey 2004 82.9897  5 0.00183733 0.00234443 -0.095319
EBS_survey 2004 82.9897  6 0.00816643 0.00611892 0.238991
EBS_survey 2004 82.9897  7 0.00660475 0.00922253 -0.249344
EBS_survey 2004 82.9897  8 0.0262148 0.0239943 0.132158
EBS_survey 2004 82.9897  9 0.0384226 0.029727 0.466362
EBS_survey 2004 82.9897  10 0.0188771 0.0365148 -0.856524
EBS_survey 2004 82.9897  11 0.0349093 0.0297266 0.277953
EBS_survey 2004 82.9897  12 0.027281 0.0283399 -0.0581227
EBS_survey 2004 82.9897  13 0.0242409 0.0344068 -0.508015
EBS_survey 2004 82.9897  14 0.0787808 0.0543081 0.983672
EBS_survey 2004 82.9897  15 0.096347 0.0814545 0.49596
EBS_survey 2004 82.9897  16 0.0509765 0.0907532 -1.26138
EBS_survey 2004 82.9897  17 0.0502803 0.0749589 -0.853718
EBS_survey 2004 82.9897  18 0.0303652 0.0642503 -1.25884
EBS_survey 2004 82.9897  19 0.0492247 0.0668293 -0.642162
EBS_survey 2004 82.9897  20 0.0537613 0.0671495 -0.487278
EBS_survey 2004 82.9897  21 0.0598421 0.054118 0.230457
EBS_survey 2004 82.9897  22 0.0198248 0.0392699 -0.911879
EBS_survey 2004 82.9897  23 0.0206309 0.0323373 -0.602776
EBS_survey 2004 82.9897  24 0.0571907 0.0271963 1.67961
EBS_survey 2004 82.9897  25 0.0168273 0.0205598 -0.239557
EBS_survey 2004 82.9897  26 0.0175907 0.0149057 0.201782
EBS_survey 2004 82.9897  27 0.0342762 0.0116101 1.92674
EBS_survey 2004 82.9897  28 0.0220259 0.00959924 1.16042
EBS_survey 2004 82.9897  29 0.000245329 0.00784546 -0.78426
EBS_survey 2004 82.9897  30 0.00559846 0.00644921 -0.0967462
EBS_survey 2004 82.9897  31 0 0.00569276 -0.688707
EBS_survey 2004 82.9897  32 0.00494235 0.00536382 -0.0525186
EBS_survey 2004 82.9897  33 0 0.00502591 -0.646821
EBS_survey 2004 82.9897  34 0.00351905 0.00445166 -0.127478
EBS_survey 2004 82.9897  35 0.00494235 0.00371049 0.184324
EBS_survey 2004 82.9897  36 2.45552e-005 0.00299951 -0.494765
EBS_survey 2004 82.9897  37 0.000280715 0.00246678 -0.400655
EBS_survey 2004 82.9897  38 0 0.00219783 -0.426583
EBS_survey 2004 82.9897  39 0 0.00220766 -0.427542
EBS_survey 2004 82.9897  40 0.134779 0.0387201 4.53527
EBS_survey 2008 79.0378  3 0.000185957 0.000891932 -0.209082
EBS_survey 2008 79.0378  4 0.000479666 0.00121152 -0.186275
EBS_survey 2008 79.0378  5 0.0013346 0.00119531 0.0356896
EBS_survey 2008 79.0378  6 0.00508887 0.00308693 0.320314
EBS_survey 2008 79.0378  7 0.00633033 0.00862217 -0.220255
EBS_survey 2008 79.0378  8 0.0151167 0.0241722 -0.524079
EBS_survey 2008 79.0378  9 0.031601 0.0269218 0.256971
EBS_survey 2008 79.0378  10 0.0125845 0.0432617 -1.34041
EBS_survey 2008 79.0378  11 0.0300678 0.0550083 -0.972429
EBS_survey 2008 79.0378  12 0.0854338 0.0823285 0.100433
EBS_survey 2008 79.0378  13 0.069333 0.0781171 -0.290989
EBS_survey 2008 79.0378  14 0.0451173 0.061327 -0.600585
EBS_survey 2008 79.0378  15 0.0394697 0.040818 -0.0605744
EBS_survey 2008 79.0378  16 0.0241309 0.0281504 -0.216014
EBS_survey 2008 79.0378  17 0.0320437 0.0283944 0.195298
EBS_survey 2008 79.0378  18 0.0645627 0.0384167 1.20925
EBS_survey 2008 79.0378  19 0.102271 0.0516122 2.03544
EBS_survey 2008 79.0378  20 0.0305844 0.0558627 -0.978475
EBS_survey 2008 79.0378  21 0.0256298 0.0492676 -0.970895
EBS_survey 2008 79.0378  22 0.0467698 0.0432431 0.154129
EBS_survey 2008 79.0378  23 0.024617 0.0426351 -0.792782
EBS_survey 2008 79.0378  24 0.046165 0.0412207 0.221083
EBS_survey 2008 79.0378  25 0.0204376 0.0346282 -0.689912
EBS_survey 2008 79.0378  26 0.018416 0.0265429 -0.449398
EBS_survey 2008 79.0378  27 0.0210346 0.0211458 -0.00687412
EBS_survey 2008 79.0378  28 0.0192384 0.0173174 0.13088
EBS_survey 2008 79.0378  29 0.00905982 0.0134426 -0.338227
EBS_survey 2008 79.0378  30 0.0129553 0.0100383 0.260018
EBS_survey 2008 79.0378  31 0.0123654 0.00773411 0.469705
EBS_survey 2008 79.0378  32 0.00581185 0.0062565 -0.0500952
EBS_survey 2008 79.0378  33 0.00439838 0.00514708 -0.0929279
EBS_survey 2008 79.0378  34 0.00273486 0.00429848 -0.212239
EBS_survey 2008 79.0378  35 0 0.00376973 -0.54616
EBS_survey 2008 79.0378  36 0.00230287 0.0034733 -0.176615
EBS_survey 2008 79.0378  37 0 0.00321359 -0.50401
EBS_survey 2008 79.0378  38 0 0.00289192 -0.477961
EBS_survey 2008 79.0378  39 0.00876221 0.00254548 1.09471
EBS_survey 2008 79.0378  40 0.123565 0.0317892 4.65005
EBS_survey 2010 79.0378  3 0.00025524 0.000388901 -0.0595082
EBS_survey 2010 79.0378  4 0.000277861 0.00098362 -0.19915
EBS_survey 2010 79.0378  5 0.000286387 0.00287368 -0.42896
EBS_survey 2010 79.0378  6 0.000878681 0.0039549 -0.435192
EBS_survey 2010 79.0378  7 0.00260076 0.00440407 -0.241841
EBS_survey 2010 79.0378  8 0.00358701 0.00973931 -0.556667
EBS_survey 2010 79.0378  9 0.0108642 0.0253743 -0.820142
EBS_survey 2010 79.0378  10 0.0396616 0.0556637 -0.620451
EBS_survey 2010 79.0378  11 0.0289614 0.0554962 -1.0303
EBS_survey 2010 79.0378  12 0.0649742 0.0658801 -0.0324614
EBS_survey 2010 79.0378  13 0.0495132 0.0700285 -0.714652
EBS_survey 2010 79.0378  14 0.0855134 0.0823297 0.102969
EBS_survey 2010 79.0378  15 0.0549266 0.0738246 -0.642479
EBS_survey 2010 79.0378  16 0.0399173 0.0536038 -0.540177
EBS_survey 2010 79.0378  17 0.0208727 0.035074 -0.686196
EBS_survey 2010 79.0378  18 0.039147 0.0240328 0.877192
EBS_survey 2010 79.0378  19 0.0395306 0.0236974 0.925241
EBS_survey 2010 79.0378  20 0.0871749 0.0310715 2.87417
EBS_survey 2010 79.0378  21 0.0711687 0.0404104 1.38848
EBS_survey 2010 79.0378  22 0.0451457 0.0436048 0.0670744
EBS_survey 2010 79.0378  23 0.033894 0.0395389 -0.257496
EBS_survey 2010 79.0378  24 0.0352324 0.0351949 0.00181157
EBS_survey 2010 79.0378  25 0.032307 0.0340137 -0.083699
EBS_survey 2010 79.0378  26 0.0162368 0.0323969 -0.811327
EBS_survey 2010 79.0378  27 0.0180239 0.0275657 -0.518028
EBS_survey 2010 79.0378  28 0.015821 0.0215604 -0.35123
EBS_survey 2010 79.0378  29 0.0300849 0.0170711 0.892904
EBS_survey 2010 79.0378  30 0.0151061 0.013822 0.0977507
EBS_survey 2010 79.0378  31 0.0243914 0.0108076 1.16745
EBS_survey 2010 79.0378  32 0.0197684 0.00816718 1.14525
EBS_survey 2010 79.0378  33 0.00335082 0.0062868 -0.329976
EBS_survey 2010 79.0378  34 0.00115894 0.00504696 -0.487306
EBS_survey 2010 79.0378  35 0.00414018 0.00415297 -0.00176688
EBS_survey 2010 79.0378  36 0 0.0034926 -0.525572
EBS_survey 2010 79.0378  37 0.00038274 0.00306477 -0.430669
EBS_survey 2010 79.0378  38 0 0.00282742 -0.472567
EBS_survey 2010 79.0378  39 0 0.00268014 -0.460016
EBS_survey 2010 79.0378  40 0.0648439 0.0298738 1.82593
EBS_survey 2012 86.9416  3 0.0012129 0.000431649 0.346707
EBS_survey 2012 86.9416  4 0.000999264 0.00155815 -0.1317
EBS_survey 2012 86.9416  5 0.00341315 0.0014911 0.462912
EBS_survey 2012 86.9416  6 0.00233275 0.00374115 -0.214819
EBS_survey 2012 86.9416  7 0.0087101 0.00959282 -0.0843979
EBS_survey 2012 86.9416  8 0.0163583 0.0125153 0.322203
EBS_survey 2012 86.9416  9 0.0422249 0.0136341 2.298
EBS_survey 2012 86.9416  10 0.0894545 0.0242868 3.9465
EBS_survey 2012 86.9416  11 0.075788 0.0487674 1.16966
EBS_survey 2012 86.9416  12 0.0694476 0.0841986 -0.495291
EBS_survey 2012 86.9416  13 0.0477121 0.0757112 -0.98684
EBS_survey 2012 86.9416  14 0.0668035 0.0700745 -0.119469
EBS_survey 2012 86.9416  15 0.0460195 0.0681296 -0.818143
EBS_survey 2012 86.9416  16 0.0652169 0.0705008 -0.19245
EBS_survey 2012 86.9416  17 0.0429959 0.0621119 -0.73844
EBS_survey 2012 86.9416  18 0.0273307 0.0447926 -0.78706
EBS_survey 2012 86.9416  19 0.0203575 0.0295652 -0.506786
EBS_survey 2012 86.9416  20 0.0375145 0.020704 1.10055
EBS_survey 2012 86.9416  21 0.0518113 0.0201964 2.09505
EBS_survey 2012 86.9416  22 0.0444999 0.0257286 1.10529
EBS_survey 2012 86.9416  23 0.0222075 0.0325389 -0.542864
EBS_survey 2012 86.9416  24 0.0296446 0.0350365 -0.273388
EBS_survey 2012 86.9416  25 0.0180996 0.0324894 -0.756668
EBS_survey 2012 86.9416  26 0.00796286 0.0292699 -1.17843
EBS_survey 2012 86.9416  27 0.0216638 0.0278234 -0.349149
EBS_survey 2012 86.9416  28 0.0297931 0.0261499 0.212826
EBS_survey 2012 86.9416  29 0.0175998 0.0224376 -0.304511
EBS_survey 2012 86.9416  30 0.00824684 0.0178451 -0.67583
EBS_survey 2012 86.9416  31 0.0192481 0.0141149 0.405602
EBS_survey 2012 86.9416  32 0.00600541 0.0113229 -0.46841
EBS_survey 2012 86.9416  33 0.0120584 0.0088862 0.315007
EBS_survey 2012 86.9416  34 0.00788818 0.00678254 0.125515
EBS_survey 2012 86.9416  35 0.00764912 0.00523334 0.311895
EBS_survey 2012 86.9416  36 0.00536871 0.00418701 0.170437
EBS_survey 2012 86.9416  37 0 0.00345203 -0.547995
EBS_survey 2012 86.9416  38 0.00351655 0.00294132 0.0988768
EBS_survey 2012 86.9416  39 0.00274828 0.0026537 0.0171105
EBS_survey 2012 86.9416  40 0.0200958 0.0291035 -0.499571
EBS_survey 2016 79.0378  3 0.0007349 0.000405042 0.143976
EBS_survey 2016 79.0378  4 0.000753247 0.000996803 -0.0682751
EBS_survey 2016 79.0378  5 0.000767945 0.00187831 -0.227383
EBS_survey 2016 79.0378  6 0.000405413 0.00253032 -0.375288
EBS_survey 2016 79.0378  7 0.00560771 0.00699386 -0.147769
EBS_survey 2016 79.0378  8 0.0103458 0.0167984 -0.44624
EBS_survey 2016 79.0378  9 0.0443965 0.0184364 1.71518
EBS_survey 2016 79.0378  10 0.0415101 0.0329522 0.426144
EBS_survey 2016 79.0378  11 0.063135 0.0559331 0.27861
EBS_survey 2016 79.0378  12 0.0293494 0.0555277 -1.01618
EBS_survey 2016 79.0378  13 0.0764483 0.0418215 1.53765
EBS_survey 2016 79.0378  14 0.10451 0.0434419 2.66302
EBS_survey 2016 79.0378  15 0.0530256 0.0586406 -0.212451
EBS_survey 2016 79.0378  16 0.0403107 0.0746523 -1.16155
EBS_survey 2016 79.0378  17 0.0219369 0.0672941 -1.60943
EBS_survey 2016 79.0378  18 0.0514066 0.0553271 -0.152445
EBS_survey 2016 79.0378  19 0.0215563 0.0508762 -1.1861
EBS_survey 2016 79.0378  20 0.02613 0.0488542 -0.937108
EBS_survey 2016 79.0378  21 0.0178512 0.0427547 -1.09427
EBS_survey 2016 79.0378  22 0.0405896 0.0319975 0.433962
EBS_survey 2016 79.0378  23 0.0190646 0.0220113 -0.178513
EBS_survey 2016 79.0378  24 0.00859228 0.016183 -0.534666
EBS_survey 2016 79.0378  25 0.0216321 0.0155188 0.439572
EBS_survey 2016 79.0378  26 0.0311042 0.0185837 0.824006
EBS_survey 2016 79.0378  27 0.0439181 0.0223539 1.29655
EBS_survey 2016 79.0378  28 0.026282 0.023943 0.135996
EBS_survey 2016 79.0378  29 0.0228452 0.0228783 -0.00196745
EBS_survey 2016 79.0378  30 0.0200502 0.0209787 -0.0575855
EBS_survey 2016 79.0378  31 0.0156358 0.0194935 -0.248005
EBS_survey 2016 79.0378  32 0.0362256 0.0179222 1.2262
EBS_survey 2016 79.0378  33 0.0197756 0.0155358 0.304687
EBS_survey 2016 79.0378  34 0.011219 0.01267 -0.115287
EBS_survey 2016 79.0378  35 0.014229 0.0100852 0.368517
EBS_survey 2016 79.0378  36 0.000653832 0.00802654 -0.734111
EBS_survey 2016 79.0378  37 0.00201015 0.00633515 -0.484245
EBS_survey 2016 79.0378  38 0.00716709 0.0049487 0.28077
EBS_survey 2016 79.0378  39 0.00580028 0.00393318 0.264862
EBS_survey 2016 79.0378  40 0.0430238 0.0304867 0.648205
fishery 1981 132.03  3 0.00277065 0.040052 -2.18444
fishery 1981 132.03  4 0.0444763 0.0675971 -1.05814
fishery 1981 132.03  5 0.15935 0.0779933 3.48583
fishery 1981 132.03  6 0.0672453 0.0464112 1.13782
fishery 1981 132.03  7 0.0824735 0.0452357 2.05867
fishery 1981 132.03  8 0.0600507 0.052335 0.398061
fishery 1981 132.03  9 0.10471 0.0740571 1.34495
fishery 1981 132.03  10 0.0745881 0.0756588 -0.0465222
fishery 1981 132.03  11 0.0552789 0.0707041 -0.691414
fishery 1981 132.03  12 0.0484153 0.0517011 -0.170496
fishery 1981 132.03  13 0.0140012 0.0368996 -1.39553
fishery 1981 132.03  14 0.0353846 0.0318336 0.232382
fishery 1981 132.03  15 0.0202251 0.0268702 -0.472105
fishery 1981 132.03  16 0.00681577 0.0210025 -1.13656
fishery 1981 132.03  17 0 0.0201941 -1.6492
fishery 1981 132.03  18 0.00457794 0.0273106 -1.60235
fishery 1981 132.03  19 0.00255314 0.0333585 -1.9709
fishery 1981 132.03  20 0.00255314 0.0271882 -1.74023
fishery 1981 132.03  21 0.0062957 0.0149636 -0.820096
fishery 1981 132.03  22 0.00929275 0.00728983 0.270354
fishery 1981 132.03  23 0.0104778 0.00493481 0.907994
fishery 1981 132.03  24 0.00322687 0.00432601 -0.192216
fishery 1981 132.03  25 0.00406615 0.00336616 0.13866
fishery 1981 132.03  26 0 0.00215231 -0.532417
fishery 1981 132.03  27 0.00486524 0.00135146 1.09497
fishery 1981 132.03  28 0 0.00102397 -0.366096
fishery 1981 132.03  29 0.00255314 0.000942675 0.599823
fishery 1981 132.03  30 0.00203307 0.000980294 0.384598
fishery 1981 132.03  31 0.00713936 0.00109965 2.08449
fishery 1981 132.03  32 0.00910523 0.0012884 2.49428
fishery 1981 132.03  33 0.00446569 0.00153491 0.857441
fishery 1981 132.03  34 0.0118259 0.00182113 2.68894
fishery 1981 132.03  35 0.00457794 0.00212449 0.610843
fishery 1981 132.03  36 0.0107265 0.00243752 1.92755
fishery 1981 132.03  37 0.0129192 0.00272481 2.24299
fishery 1981 132.03  38 0.00794773 0.00308672 1.00527
fishery 1981 132.03  39 0.0136622 0.00363426 1.91222
fishery 1981 132.03  40 0.0893502 0.112514 -0.842272
fishery 1982 86.1066  3 0 0.0601099 -2.34649
fishery 1982 86.1066  4 0.0101707 0.0422481 -1.47958
fishery 1982 86.1066  5 0.0662457 0.0686885 -0.0896154
fishery 1982 86.1066  6 0.0494656 0.0780779 -0.989544
fishery 1982 86.1066  7 0.077105 0.0487425 1.22213
fishery 1982 86.1066  8 0.0746995 0.0456144 1.29339
fishery 1982 86.1066  9 0.0571315 0.0527422 0.182206
fishery 1982 86.1066  10 0.102802 0.0713056 1.13568
fishery 1982 86.1066  11 0.0603195 0.0722686 -0.428192
fishery 1982 86.1066  12 0.0931798 0.0652383 1.04987
fishery 1982 86.1066  13 0.0687026 0.0472959 0.935694
fishery 1982 86.1066  14 0.0339486 0.0329578 0.0514948
fishery 1982 86.1066  15 0.0469443 0.0273873 1.11173
fishery 1982 86.1066  16 0.0278838 0.0227221 0.321357
fishery 1982 86.1066  17 0.0324828 0.0178195 1.02823
fishery 1982 86.1066  18 0.0121054 0.0171693 -0.361626
fishery 1982 86.1066  19 0.00330936 0.0225977 -1.20407
fishery 1982 86.1066  20 0.00628484 0.0270273 -1.18672
fishery 1982 86.1066  21 0.0095255 0.022312 -0.803164
fishery 1982 86.1066  22 0.0242887 0.0127761 0.950866
fishery 1982 86.1066  23 0.006159 0.00646531 -0.0354375
fishery 1982 86.1066  24 0.0164782 0.00435278 1.70719
fishery 1982 86.1066  25 0 0.00375832 -0.569191
fishery 1982 86.1066  26 0.00810532 0.00294538 0.882061
fishery 1982 86.1066  27 0 0.00193287 -0.407306
fishery 1982 86.1066  28 0.00232434 0.00123466 0.286787
fishery 1982 86.1066  29 0 0.000931876 -0.281893
fishery 1982 86.1066  30 0 0.000854111 -0.269734
fishery 1982 86.1066  31 0 0.000885412 -0.274692
fishery 1982 86.1066  32 0.00284965 0.000989721 0.546124
fishery 1982 86.1066  33 0 0.00115622 -0.314357
fishery 1982 86.1066  34 0 0.00137319 -0.342854
fishery 1982 86.1066  35 0.00490963 0.00162582 0.754019
fishery 1982 86.1066  36 0.00529982 0.00191122 0.71807
fishery 1982 86.1066  37 0.0172983 0.00219542 2.98752
fishery 1982 86.1066  38 0.00538078 0.00257027 0.514082
fishery 1982 86.1066  39 0.00517398 0.003135 0.337914
fishery 1982 86.1066  40 0.0694257 0.106582 -1.11728
fishery 1990 103.328  3 4.37263e-005 0.0138826 -1.20186
fishery 1990 103.328  4 0.0026723 0.0320052 -1.69376
fishery 1990 103.328  5 0.00898008 0.0375807 -1.5285
fishery 1990 103.328  6 0.0721789 0.101568 -0.988905
fishery 1990 103.328  7 0.0917623 0.0517655 1.83492
fishery 1990 103.328  8 0.0806923 0.0615105 0.811474
fishery 1990 103.328  9 0.137334 0.0970861 1.38176
fishery 1990 103.328  10 0.167744 0.0975315 2.40554
fishery 1990 103.328  11 0.0824409 0.0705853 0.470479
fishery 1990 103.328  12 0.123266 0.0536222 3.14229
fishery 1990 103.328  13 0.070502 0.0575041 0.567489
fishery 1990 103.328  14 0.0367347 0.0542798 -0.787092
fishery 1990 103.328  15 0.0187927 0.0373891 -0.996288
fishery 1990 103.328  16 0.0117503 0.0260392 -0.91189
fishery 1990 103.328  17 0.00690763 0.023475 -1.11206
fishery 1990 103.328  18 0.00652162 0.0233299 -1.13165
fishery 1990 103.328  19 0.00600438 0.0211752 -1.07091
fishery 1990 103.328  20 0 0.0168011 -1.3284
fishery 1990 103.328  21 0.00625556 0.0119965 -0.535805
fishery 1990 103.328  22 0.00300714 0.0082932 -0.592145
fishery 1990 103.328  23 0.00210389 0.00623387 -0.532954
fishery 1990 103.328  24 0 0.00514405 -0.730234
fishery 1990 103.328  25 0 0.00465255 -0.694229
fishery 1990 103.328  26 0.00451676 0.0049806 -0.0669107
fishery 1990 103.328  27 0.00425069 0.00594715 -0.224094
fishery 1990 103.328  28 0 0.00650825 -0.822106
fishery 1990 103.328  29 0 0.00578426 -0.774675
fishery 1990 103.328  30 0 0.00413864 -0.65451
fishery 1990 103.328  31 0.00210389 0.00260808 -0.100296
fishery 1990 103.328  32 0.00600438 0.00171455 1.05096
fishery 1990 103.328  33 0 0.00128371 -0.363026
fishery 1990 103.328  34 0 0.000992833 -0.318852
fishery 1990 103.328  35 0 0.000723049 -0.271562
fishery 1990 103.328  36 0.000903252 0.000513374 0.173279
fishery 1990 103.328  37 0.00550848 0.000392005 2.59449
fishery 1990 103.328  38 0.00200486 0.000407146 0.795345
fishery 1990 103.328  39 0.000903252 0.000589438 0.130329
fishery 1990 103.328  40 0.0381106 0.0499657 -0.553058
fishery 1998 166.473  3 0 0.0055236 -0.960716
fishery 1998 166.473  4 0.0020535 0.00885246 -0.935987
fishery 1998 166.473  5 0.00243194 0.00559377 -0.5465
fishery 1998 166.473  6 0.00289703 0.00764914 -0.703295
fishery 1998 166.473  7 0.00613804 0.0107957 -0.581263
fishery 1998 166.473  8 0.0372102 0.0264907 0.86109
fishery 1998 166.473  9 0.0841947 0.0592626 1.36229
fishery 1998 166.473  10 0.194556 0.0868303 4.93578
fishery 1998 166.473  11 0.0953917 0.074341 1.03531
fishery 1998 166.473  12 0.0905371 0.0828872 0.357973
fishery 1998 166.473  13 0.10343 0.10496 -0.0644145
fishery 1998 166.473  14 0.129767 0.127255 0.0972547
fishery 1998 166.473  15 0.0499888 0.0910157 -1.84027
fishery 1998 166.473  16 0.0286472 0.0585323 -1.64245
fishery 1998 166.473  17 0.0648203 0.0534872 0.649819
fishery 1998 166.473  18 0.0258949 0.0439867 -1.13818
fishery 1998 166.473  19 0.0152759 0.0288864 -1.04831
fishery 1998 166.473  20 0.0140468 0.0181495 -0.396434
fishery 1998 166.473  21 0.0153101 0.0135598 0.195184
fishery 1998 166.473  22 0.00512997 0.0110303 -0.728569
fishery 1998 166.473  23 0.00638359 0.00832575 -0.275614
fishery 1998 166.473  24 0.00344511 0.00627966 -0.462607
fishery 1998 166.473  25 0.00272883 0.00550424 -0.483566
fishery 1998 166.473  26 0.00146877 0.00537155 -0.688278
fishery 1998 166.473  27 0.00228038 0.00511627 -0.512362
fishery 1998 166.473  28 0 0.0044726 -0.863858
fishery 1998 166.473  29 0.00261512 0.00361072 -0.213869
fishery 1998 166.473  30 0.00233767 0.00281838 -0.11679
fishery 1998 166.473  31 0.00136442 0.00225868 -0.242518
fishery 1998 166.473  32 0 0.0019438 -0.567947
fishery 1998 166.473  33 0 0.00184059 -0.552555
fishery 1998 166.473  34 0 0.00191361 -0.563488
fishery 1998 166.473  35 0 0.00205916 -0.584675
fishery 1998 166.473  36 0.000811608 0.00209645 -0.361579
fishery 1998 166.473  37 0 0.00189399 -0.560571
fishery 1998 166.473  38 0 0.00151956 -0.501694
fishery 1998 166.473  39 0 0.00116156 -0.438112
fishery 1998 166.473  40 0.00884455 0.0227246 -1.20147
fishery 2000 126.29  3 0 0.0033734 -0.652847
fishery 2000 126.29  4 0.0083958 0.0133134 -0.481997
fishery 2000 126.29  5 0.00684992 0.0118914 -0.522448
fishery 2000 126.29  6 0.011622 0.0166213 -0.439318
fishery 2000 126.29  7 0.0119396 0.0116761 0.0275534
fishery 2000 126.29  8 0.0223869 0.0138794 0.816918
fishery 2000 126.29  9 0.0250121 0.0195987 0.43876
fishery 2000 126.29  10 0.0671944 0.0421691 1.39918
fishery 2000 126.29  11 0.076405 0.0822599 -0.239453
fishery 2000 126.29  12 0.138076 0.107237 1.12002
fishery 2000 126.29  13 0.0779038 0.0884169 -0.41613
fishery 2000 126.29  14 0.0705969 0.0834519 -0.522321
fishery 2000 126.29  15 0.0996555 0.0940682 0.215079
fishery 2000 126.29  16 0.109377 0.100971 0.313519
fishery 2000 126.29  17 0.0525016 0.0737848 -0.914857
fishery 2000 126.29  18 0.0475101 0.0462727 0.0661868
fishery 2000 126.29  19 0.0444486 0.0381325 0.370575
fishery 2000 126.29  20 0.0198934 0.0309367 -0.716641
fishery 2000 126.29  21 0.0269036 0.0210171 0.461072
fishery 2000 126.29  22 0.0250915 0.0137292 1.09692
fishery 2000 126.29  23 0.00865047 0.010348 -0.188422
fishery 2000 126.29  24 0.00484603 0.00849145 -0.44621
fishery 2000 126.29  25 0.005159 0.00667773 -0.209403
fishery 2000 126.29  26 0.00206954 0.00527104 -0.496395
fishery 2000 126.29  27 0 0.00468372 -0.770084
fishery 2000 126.29  28 0.00339415 0.00455079 -0.19291
fishery 2000 126.29  29 0.000805165 0.00433079 -0.602671
fishery 2000 126.29  30 0.0019649 0.00381361 -0.336626
fishery 2000 126.29  31 0 0.0031121 -0.626893
fishery 2000 126.29  32 0.00370261 0.00244569 0.28539
fishery 2000 126.29  33 0 0.00195673 -0.49633
fishery 2000 126.29  34 0 0.00167187 -0.458518
fishery 2000 126.29  35 0.00159252 0.00156721 0.00716774
fishery 2000 126.29  36 0 0.00160321 -0.448931
fishery 2000 126.29  37 0.00186758 0.00168958 0.048563
fishery 2000 126.29  38 0 0.00171824 -0.46488
fishery 2000 126.29  39 0 0.00162435 -0.451904
fishery 2000 126.29  40 0.0241844 0.0216431 0.196215
fishery 2001 132.03  3 0.00513815 0.00789369 -0.357563
fishery 2001 132.03  4 0.00090205 0.00572565 -0.733948
fishery 2001 132.03  5 0.00838654 0.0187579 -0.878167
fishery 2001 132.03  6 0.00557621 0.0176013 -1.05048
fishery 2001 132.03  7 0.0225948 0.022783 -0.0144897
fishery 2001 132.03  8 0.0302764 0.0164651 1.24671
fishery 2001 132.03  9 0.038451 0.0181676 1.74459
fishery 2001 132.03  10 0.0179414 0.0249824 -0.518282
fishery 2001 132.03  11 0.0334418 0.0496787 -0.858575
fishery 2001 132.03  12 0.086553 0.0897851 -0.129902
fishery 2001 132.03  13 0.139567 0.110778 1.05395
fishery 2001 132.03  14 0.0768777 0.0896799 -0.514818
fishery 2001 132.03  15 0.082231 0.0792941 0.124887
fishery 2001 132.03  16 0.0863997 0.0850638 0.0550205
fishery 2001 132.03  17 0.0776685 0.0873802 -0.395147
fishery 2001 132.03  18 0.0732644 0.0645733 0.406301
fishery 2001 132.03  19 0.0505342 0.0408582 0.561564
fishery 2001 132.03  20 0.0271456 0.0325835 -0.351882
fishery 2001 132.03  21 0.033831 0.0263893 0.533359
fishery 2001 132.03  22 0.0116568 0.0183631 -0.573792
fishery 2001 132.03  23 0.0206469 0.0123201 0.867012
fishery 2001 132.03  24 0.0089489 0.00936926 -0.0501097
fishery 2001 132.03  25 0.00948093 0.00772993 0.229584
fishery 2001 132.03  26 0.00366476 0.00617096 -0.367427
fishery 2001 132.03  27 0.00331533 0.0049549 -0.268036
fishery 2001 132.03  28 0.00819502 0.00441353 0.654754
fishery 2001 132.03  29 0 0.00426222 -0.750888
fishery 2001 132.03  30 0.00726471 0.00404401 0.582406
fishery 2001 132.03  31 0 0.00356333 -0.686173
fishery 2001 132.03  32 0.00175091 0.00291485 -0.247658
fishery 2001 132.03  33 0.00414532 0.00229535 0.443238
fishery 2001 132.03  34 0.00169358 0.00183356 -0.0374971
fishery 2001 132.03  35 0 0.00156126 -0.452928
fishery 2001 132.03  36 0 0.00145835 -0.437625
fishery 2001 132.03  37 0 0.00148016 -0.440913
fishery 2001 132.03  38 0.00191149 0.00156507 0.100376
fishery 2001 132.03  39 0 0.00162521 -0.462183
fishery 2001 132.03  40 0.0205449 0.0216344 -0.0860293
fishery 2002 126.29  3 0.000314872 0.00356357 -0.611814
fishery 2002 126.29  4 0.00750196 0.0106956 -0.348739
fishery 2002 126.29  5 0.00980497 0.00943982 0.0424141
fishery 2002 126.29  6 0.0339832 0.0265443 0.519961
fishery 2002 126.29  7 0.0256738 0.025768 -0.00667735
fishery 2002 126.29  8 0.0739611 0.0308586 2.8005
fishery 2002 126.29  9 0.0432485 0.0226031 1.56061
fishery 2002 126.29  10 0.026833 0.0230447 0.283668
fishery 2002 126.29  11 0.0369291 0.0303704 0.42944
fishery 2002 126.29  12 0.0594776 0.0554377 0.198376
fishery 2002 126.29  13 0.0906665 0.0929971 -0.0901737
fishery 2002 126.29  14 0.0847197 0.109258 -0.883919
fishery 2002 126.29  15 0.0523358 0.0873656 -1.39406
fishery 2002 126.29  16 0.0720858 0.0735324 -0.0622808
fishery 2002 126.29  17 0.0851833 0.0756208 0.406426
fishery 2002 126.29  18 0.0704552 0.0751085 -0.198397
fishery 2002 126.29  19 0.0349933 0.0562225 -1.0356
fishery 2002 126.29  20 0.0413553 0.0362664 0.305858
fishery 2002 126.29  21 0.0237859 0.028393 -0.311666
fishery 2002 126.29  22 0.0126466 0.0230584 -0.779419
fishery 2002 126.29  23 0.0148417 0.0164533 -0.142327
fishery 2002 126.29  24 0.0176031 0.0113288 0.665952
fishery 2002 126.29  25 0.0123898 0.00869638 0.446778
fishery 2002 126.29  26 0.00475392 0.00719489 -0.324342
fishery 2002 126.29  27 0.00683148 0.00581812 0.149607
fishery 2002 126.29  28 0.00506442 0.00472933 0.0548296
fishery 2002 126.29  29 0.00723527 0.00420924 0.524637
fishery 2002 126.29  30 0.00165456 0.00403516 -0.421485
fishery 2002 126.29  31 0.00318369 0.00380763 -0.113699
fishery 2002 126.29  32 0.00648539 0.00335197 0.608326
fishery 2002 126.29  33 0.00152542 0.00274787 -0.261956
fishery 2002 126.29  34 0.00423109 0.00216665 0.497811
fishery 2002 126.29  35 0 0.00172978 -0.466451
fishery 2002 126.29  36 0 0.00147129 -0.429916
fishery 2002 126.29  37 0 0.00136979 -0.414697
fishery 2002 126.29  38 0.00169503 0.00140044 0.0882132
fishery 2002 126.29  39 0 0.00151013 -0.435601
fishery 2002 126.29  40 0.0265496 0.0218302 0.362862
fishery 2003 114.809  3 0 0.0118647 -1.17362
fishery 2003 114.809  4 0.00893012 0.00622559 0.368129
fishery 2003 114.809  5 0.0151551 0.0153299 -0.0152397
fishery 2003 114.809  6 0.00427522 0.015 -0.945082
fishery 2003 114.809  7 0.0358097 0.0366803 -0.0496194
fishery 2003 114.809  8 0.0651571 0.036276 1.65485
fishery 2003 114.809  9 0.0520148 0.0401795 0.645684
fishery 2003 114.809  10 0.0398501 0.0293993 0.66279
fishery 2003 114.809  11 0.0424817 0.0275811 0.974726
fishery 2003 114.809  12 0.0309583 0.0343221 -0.197953
fishery 2003 114.809  13 0.0416337 0.0575309 -0.731458
fishery 2003 114.809  14 0.0912818 0.0901589 0.0420068
fishery 2003 114.809  15 0.0780568 0.101755 -0.839877
fishery 2003 114.809  16 0.0482787 0.0808931 -1.28155
fishery 2003 114.809  17 0.06085 0.0658693 -0.2168
fishery 2003 114.809  18 0.0768058 0.065431 0.492838
fishery 2003 114.809  19 0.0847912 0.0634676 0.937083
fishery 2003 114.809  20 0.0477435 0.0482361 -0.0246323
fishery 2003 114.809  21 0.030208 0.0320045 -0.109343
fishery 2003 114.809  22 0.0284629 0.0249199 0.243492
fishery 2003 114.809  23 0.0402046 0.0203398 1.5075
fishery 2003 114.809  24 0.0178784 0.0148523 0.267967
fishery 2003 114.809  25 0.0144117 0.010477 0.413868
fishery 2003 114.809  26 0.00326804 0.00809875 -0.577151
fishery 2003 114.809  27 0.00227057 0.00671149 -0.582361
fishery 2003 114.809  28 0.00145328 0.0054739 -0.583351
fishery 2003 114.809  29 0.0055984 0.0044873 0.177928
fishery 2003 114.809  30 0.0026941 0.00398309 -0.219003
fishery 2003 114.809  31 0.00461677 0.00378065 0.145789
fishery 2003 114.809  32 0 0.0035443 -0.638137
fishery 2003 114.809  33 0 0.00311566 -0.598063
fishery 2003 114.809  34 0.00226028 0.00255758 -0.0629475
fishery 2003 114.809  35 0 0.00202113 -0.48101
fishery 2003 114.809  36 0 0.00161683 -0.429867
fishery 2003 114.809  37 0.00561359 0.00137627 1.22027
fishery 2003 114.809  38 0 0.00129996 -0.3851
fishery 2003 114.809  39 0 0.00136531 -0.394746
fishery 2003 114.809  40 0.0169857 0.0217736 -0.351436
fishery 2004 160.732  3 0.00295515 0.00337241 -0.0911121
fishery 2004 160.732  4 0.00991272 0.0160695 -0.620569
fishery 2004 160.732  5 0.0032864 0.010276 -0.878267
fishery 2004 160.732  6 0.0202068 0.0217903 -0.137475
fishery 2004 160.732  7 0.0274297 0.0229189 0.382076
fishery 2004 160.732  8 0.0753171 0.0492835 1.52464
fishery 2004 160.732  9 0.0624508 0.0489897 0.790581
fishery 2004 160.732  10 0.0723876 0.0501781 1.28965
fishery 2004 160.732  11 0.0386535 0.0362622 0.162157
fishery 2004 160.732  12 0.0167336 0.0312072 -1.05516
fishery 2004 160.732  13 0.0234151 0.0364773 -0.88322
fishery 2004 160.732  14 0.0324435 0.0565229 -1.32185
fishery 2004 160.732  15 0.0778382 0.0835385 -0.261172
fishery 2004 160.732  16 0.0782757 0.0913635 -0.575855
fishery 2004 160.732  17 0.0455752 0.0726807 -1.3236
fishery 2004 160.732  18 0.0642798 0.0581107 0.334281
fishery 2004 160.732  19 0.0493124 0.0562593 -0.382192
fishery 2004 160.732  20 0.0757315 0.0537481 1.23573
fishery 2004 160.732  21 0.0537268 0.0415923 0.770444
fishery 2004 160.732  22 0.029167 0.0285275 0.0486946
fishery 2004 160.732  23 0.0211374 0.0222947 -0.0993607
fishery 2004 160.732  24 0.0196658 0.0182777 0.131343
fishery 2004 160.732  25 0.0201906 0.0136389 0.715877
fishery 2004 160.732  26 0.012018 0.00981009 0.283872
fishery 2004 160.732  27 0.0159265 0.00762096 1.21002
fishery 2004 160.732  28 0.00317123 0.00631038 -0.502191
fishery 2004 160.732  29 0.00345206 0.00517373 -0.303955
fishery 2004 160.732  30 0.00368617 0.00426485 -0.11245
fishery 2004 160.732  31 0.00351528 0.00376513 -0.0516509
fishery 2004 160.732  32 0.00246572 0.00353487 -0.228067
fishery 2004 160.732  33 0.00401869 0.00329001 0.161082
fishery 2004 160.732  34 0.00176523 0.00288616 -0.264452
fishery 2004 160.732  35 0 0.00237348 -0.617092
fishery 2004 160.732  36 0.00232986 0.0018829 0.130367
fishery 2004 160.732  37 0 0.00151098 -0.491564
fishery 2004 160.732  38 0.00117923 0.00130784 -0.0449444
fishery 2004 160.732  39 0.00113252 0.0012778 -0.0513557
fishery 2004 160.732  40 0.0252472 0.021611 0.316956
fishery 2005 137.771  3 0 0.00436157 -0.775986
fishery 2005 137.771  4 0.00433642 0.00582718 -0.229697
fishery 2005 137.771  5 0.0219383 0.0227314 -0.0624482
fishery 2005 137.771  6 0.00608753 0.0161718 -0.938108
fishery 2005 137.771  7 0.0382304 0.0299098 0.573256
fishery 2005 137.771  8 0.0143795 0.0328751 -1.21733
fishery 2005 137.771  9 0.0807313 0.0627589 0.869738
fishery 2005 137.771  10 0.0646756 0.0619817 0.131126
fishery 2005 137.771  11 0.0647498 0.0587743 0.298175
fishery 2005 137.771  12 0.049765 0.0415844 0.480916
fishery 2005 137.771  13 0.0157774 0.0329513 -1.12908
fishery 2005 137.771  14 0.0173639 0.0362455 -1.18563
fishery 2005 137.771  15 0.0438256 0.0525129 -0.457091
fishery 2005 137.771  16 0.0860406 0.0739065 0.544363
fishery 2005 137.771  17 0.0677684 0.07898 -0.487896
fishery 2005 137.771  18 0.0514492 0.0632553 -0.569238
fishery 2005 137.771  19 0.0492297 0.0503339 -0.0592781
fishery 2005 137.771  20 0.0622362 0.0479276 0.786145
fishery 2005 137.771  21 0.0628655 0.0454412 0.981887
fishery 2005 137.771  22 0.0404385 0.0358803 0.28762
fishery 2005 137.771  23 0.0295727 0.0254588 0.306499
fishery 2005 137.771  24 0.0289452 0.0200301 0.746702
fishery 2005 137.771  25 0.0229634 0.016492 0.596237
fishery 2005 137.771  26 0.00757169 0.0125144 -0.521679
fishery 2005 137.771  27 0.0135082 0.0091543 0.536295
fishery 2005 137.771  28 0.00914444 0.00713059 0.280734
fishery 2005 137.771  29 0.00322732 0.00588422 -0.407402
fishery 2005 137.771  30 0.00329655 0.00483881 -0.260599
fishery 2005 137.771  31 0.00273125 0.00399769 -0.235282
fishery 2005 137.771  32 0 0.00350413 -0.695047
fishery 2005 137.771  33 0.00313339 0.00325306 -0.0246306
fishery 2005 137.771  34 0.00499606 0.0030043 0.426459
fishery 2005 137.771  35 0.00155559 0.00263095 -0.245939
fishery 2005 137.771  36 0 0.00216993 -0.546105
fishery 2005 137.771  37 0.00469799 0.00172878 0.836518
fishery 2005 137.771  38 0.00302678 0.00141161 0.503168
fishery 2005 137.771  39 0.00340361 0.00126758 0.701892
fishery 2005 137.771  40 0.0163372 0.0211178 -0.390179
fishery 2006 120.549  3 0 0.00233191 -0.529685
fishery 2006 120.549  4 0.000723221 0.00598798 -0.748625
fishery 2006 120.549  5 0.0032909 0.00959453 -0.709628
fishery 2006 120.549  6 0.0511702 0.0313868 1.24557
fishery 2006 120.549  7 0.026388 0.0242322 0.153895
fishery 2006 120.549  8 0.0577033 0.0395245 1.02428
fishery 2006 120.549  9 0.0453195 0.0442884 0.0550215
fishery 2006 120.549  10 0.0915514 0.07554 0.665201
fishery 2006 120.549  11 0.0928595 0.0734156 0.818465
fishery 2006 120.549  12 0.0631008 0.0645549 -0.0649632
fishery 2006 120.549  13 0.0324012 0.0445061 -0.644425
fishery 2006 120.549  14 0.0138029 0.0328001 -1.17088
fishery 2006 120.549  15 0.0134262 0.0341187 -1.25134
fishery 2006 120.549  16 0.0550251 0.046773 0.429048
fishery 2006 120.549  17 0.0527585 0.0632707 -0.47406
fishery 2006 120.549  18 0.0640953 0.0665715 -0.109057
fishery 2006 120.549  19 0.0346586 0.0539915 -0.939141
fishery 2006 120.549  20 0.0521496 0.0432687 0.479191
fishery 2006 120.549  21 0.052099 0.0409201 0.619492
fishery 2006 120.549  22 0.0589359 0.0387532 1.14799
fishery 2006 120.549  23 0.0219829 0.0312434 -0.584334
fishery 2006 120.549  24 0.0186829 0.0228544 -0.306415
fishery 2006 120.549  25 0.0258825 0.0181249 0.638305
fishery 2006 120.549  26 0.0208554 0.0149551 0.533571
fishery 2006 120.549  27 0.00623917 0.011508 -0.542155
fishery 2006 120.549  28 0.00600362 0.00852575 -0.301017
fishery 2006 120.549  29 0.00141508 0.00663967 -0.705802
fishery 2006 120.549  30 0.00510256 0.00545553 -0.0525644
fishery 2006 120.549  31 0.00256279 0.00448434 -0.315412
fishery 2006 120.549  32 0.00597578 0.00370312 0.410255
fishery 2006 120.549  33 0.00283017 0.00322346 -0.0760618
fishery 2006 120.549  34 0.0022319 0.00295863 -0.146664
fishery 2006 120.549  35 0.0024267 0.00271253 -0.0602274
fishery 2006 120.549  36 0 0.00237343 -0.534411
fishery 2006 120.549  37 0 0.00196416 -0.485844
fishery 2006 120.549  38 0 0.00159002 -0.436788
fishery 2006 120.549  39 0 0.00134626 -0.401637
fishery 2006 120.549  40 0.0163493 0.020507 -0.322015
fishery 2007 149.251  3 0 0.00618044 -0.962645
fishery 2007 149.251  4 0 0.00383666 -0.757195
fishery 2007 149.251  5 0 0.00857903 -1.13579
fishery 2007 149.251  6 0.00132676 0.0149439 -1.37069
fishery 2007 149.251  7 0.0500382 0.0419373 0.493679
fishery 2007 149.251  8 0.0456775 0.0343138 0.762543
fishery 2007 149.251  9 0.1074 0.0498054 3.23409
fishery 2007 149.251  10 0.0565766 0.0556269 0.0506161
fishery 2007 149.251  11 0.101989 0.0851225 0.738329
fishery 2007 149.251  12 0.0880404 0.0807922 0.324916
fishery 2007 149.251  13 0.0553826 0.0661395 -0.528742
fishery 2007 149.251  14 0.0256993 0.044398 -1.10893
fishery 2007 149.251  15 0.0220179 0.0308943 -0.626616
fishery 2007 149.251  16 0.0152398 0.0306043 -1.0896
fishery 2007 149.251  17 0.0309172 0.040182 -0.576282
fishery 2007 149.251  18 0.0325741 0.052685 -1.09967
fishery 2007 149.251  19 0.048335 0.0549878 -0.356516
fishery 2007 149.251  20 0.0287122 0.0454204 -0.980196
fishery 2007 149.251  21 0.0476987 0.0370484 0.688776
fishery 2007 149.251  22 0.0456325 0.0350781 0.700762
fishery 2007 149.251  23 0.053829 0.0333147 1.39635
fishery 2007 149.251  24 0.0229111 0.0273753 -0.334174
fishery 2007 149.251  25 0.0227234 0.0205724 0.185082
fishery 2007 149.251  26 0.0181619 0.0164126 0.168151
fishery 2007 149.251  27 0.0233117 0.0135539 1.03059
fishery 2007 149.251  28 0.0169233 0.010532 0.764516
fishery 2007 149.251  29 0.00599524 0.00787457 -0.259592
fishery 2007 149.251  30 0.00649675 0.00612424 0.0582855
fishery 2007 149.251  31 0.00713805 0.00499612 0.37077
fishery 2007 149.251  32 0.00269937 0.0040965 -0.266903
fishery 2007 149.251  33 0 0.0033798 -0.710396
fishery 2007 149.251  34 0.00244612 0.00291982 -0.107073
fishery 2007 149.251  35 0.00209956 0.00265301 -0.131198
fishery 2007 149.251  36 0.00144957 0.00241744 -0.240287
fishery 2007 149.251  37 0 0.00211406 -0.56099
fishery 2007 149.251  38 0 0.00177197 -0.513279
fishery 2007 149.251  39 0 0.00148255 -0.469168
fishery 2007 149.251  40 0.0105577 0.019833 -0.812522
fishery 2008 137.771  3 0 0.00817815 -1.06519
fishery 2008 137.771  4 0.00186615 0.00868478 -0.86207
fishery 2008 137.771  5 0.00118654 0.00603521 -0.734196
fishery 2008 137.771  6 0.00447721 0.0120506 -0.814367
fishery 2008 137.771  7 0.0185195 0.0219764 -0.276707
fishery 2008 137.771  8 0.0996767 0.0539198 2.37771
fishery 2008 137.771  9 0.0771392 0.0458132 1.75843
fishery 2008 137.771  10 0.088163 0.0595376 1.41981
fishery 2008 137.771  11 0.0757151 0.0651199 0.50399
fishery 2008 137.771  12 0.0987503 0.0897561 0.369324
fishery 2008 137.771  13 0.0861837 0.082977 0.136443
fishery 2008 137.771  14 0.0413042 0.0638397 -1.08191
fishery 2008 137.771  15 0.0177231 0.0418564 -1.41432
fishery 2008 137.771  16 0.0127742 0.0279581 -1.08091
fishery 2008 137.771  17 0.0168907 0.0266285 -0.709818
fishery 2008 137.771  18 0.0238113 0.0338382 -0.65081
fishery 2008 137.771  19 0.0384984 0.0433738 -0.2809
fishery 2008 137.771  20 0.0440514 0.0452006 -0.064925
fishery 2008 137.771  21 0.0392258 0.0382192 0.0616205
fishery 2008 137.771  22 0.0213898 0.0319407 -0.704177
fishery 2008 137.771  23 0.0392683 0.0304187 0.604748
fishery 2008 137.771  24 0.0373694 0.0289706 0.587668
fishery 2008 137.771  25 0.0341712 0.0242312 0.758603
fishery 2008 137.771  26 0.0193131 0.0186087 0.0611647
fishery 2008 137.771  27 0.0190816 0.0149142 0.403427
fishery 2008 137.771  28 0.00650643 0.0123019 -0.616868
fishery 2008 137.771  29 0.0049974 0.00962144 -0.55572
fishery 2008 137.771  30 0.00619032 0.00724019 -0.145251
fishery 2008 137.771  31 0.00118541 0.00560875 -0.694596
fishery 2008 137.771  32 0.00118541 0.00453754 -0.58479
fishery 2008 137.771  33 0.00267325 0.00370722 -0.199428
fishery 2008 137.771  34 0.00316825 0.00305093 0.0249271
fishery 2008 137.771  35 0.00288882 0.00262031 0.0615313
fishery 2008 137.771  36 0 0.00236047 -0.569738
fishery 2008 137.771  37 0 0.002139 -0.542173
fishery 2008 137.771  38 0.00121944 0.00188643 -0.179945
fishery 2008 137.771  39 0 0.00162591 -0.472226
fishery 2008 137.771  40 0.0134352 0.0192526 -0.496792
fishery 2009 154.992  3 0.000275216 0.00493001 -0.826545
fishery 2009 154.992  4 0.00150461 0.0114043 -1.16023
fishery 2009 154.992  5 0.00251061 0.0124848 -1.11788
fishery 2009 154.992  6 0.0010431 0.00916525 -1.06052
fishery 2009 154.992  7 0.0193462 0.0165152 0.276465
fishery 2009 154.992  8 0.0433518 0.0305144 0.929051
fishery 2009 154.992  9 0.122591 0.0665074 2.80202
fishery 2009 154.992  10 0.0764572 0.0577022 1.00125
fishery 2009 154.992  11 0.0873886 0.0675094 0.98632
fishery 2009 154.992  12 0.0770698 0.0714333 0.272445
fishery 2009 154.992  13 0.0952274 0.0893158 0.258043
fishery 2009 154.992  14 0.0611505 0.0805802 -0.88864
fishery 2009 154.992  15 0.0386797 0.0591561 -1.08048
fishery 2009 154.992  16 0.021042 0.0380374 -1.10598
fishery 2009 154.992  17 0.0180532 0.0247941 -0.539596
fishery 2009 154.992  18 0.0230673 0.0229267 0.0116909
fishery 2009 154.992  19 0.0277118 0.0285118 -0.0598363
fishery 2009 154.992  20 0.0433676 0.0359924 0.492864
fishery 2009 154.992  21 0.0306675 0.0376584 -0.457122
fishery 2009 154.992  22 0.023361 0.0326848 -0.65272
fishery 2009 154.992  23 0.0219148 0.0280541 -0.462785
fishery 2009 154.992  24 0.0322018 0.0268793 0.409636
fishery 2009 154.992  25 0.034842 0.0256744 0.721487
fishery 2009 154.992  26 0.0162968 0.0217699 -0.466813
fishery 2009 154.992  27 0.0157278 0.0170198 -0.12432
fishery 2009 154.992  28 0.0144486 0.0136764 0.0827396
fishery 2009 154.992  29 0.0105191 0.0112419 -0.0853104
fishery 2009 154.992  30 0.00805455 0.00883201 -0.103391
fishery 2009 154.992  31 0.00824693 0.00667131 0.240786
fishery 2009 154.992  32 0.00138929 0.00513844 -0.652184
fishery 2009 154.992  33 0.0041861 0.0041203 0.012774
fishery 2009 154.992  34 0 0.00334881 -0.720581
fishery 2009 154.992  35 0 0.00275188 -0.652804
fishery 2009 154.992  36 0.00118701 0.00235284 -0.298941
fishery 2009 154.992  37 0 0.0021038 -0.570278
fishery 2009 154.992  38 0.00288927 0.00191363 0.277207
fishery 2009 154.992  39 0 0.0017261 -0.516191
fishery 2009 154.992  40 0.0142296 0.018901 -0.426969
fishery 2011 177.954  3 0 0.0103844 -1.36585
fishery 2011 177.954  4 0.000377328 0.00629274 -0.997118
fishery 2011 177.954  5 0.00465759 0.011 -0.810804
fishery 2011 177.954  6 0.00766911 0.0231089 -1.37053
fishery 2011 177.954  7 0.015553 0.0241712 -0.748424
fishery 2011 177.954  8 0.0147581 0.0186218 -0.381167
fishery 2011 177.954  9 0.0581305 0.027916 2.44632
fishery 2011 177.954  10 0.047303 0.0489844 -0.103911
fishery 2011 177.954  11 0.142561 0.0870154 2.62876
fishery 2011 177.954  12 0.0683696 0.0759263 -0.380546
fishery 2011 177.954  13 0.0557271 0.0732087 -0.895228
fishery 2011 177.954  14 0.0560954 0.0717392 -0.808638
fishery 2011 177.954  15 0.0576723 0.076428 -0.941673
fishery 2011 177.954  16 0.0654955 0.0663695 -0.0468369
fishery 2011 177.954  17 0.0315794 0.0463245 -0.935729
fishery 2011 177.954  18 0.0204081 0.0291584 -0.693665
fishery 2011 177.954  19 0.0163186 0.0188451 -0.247795
fishery 2011 177.954  20 0.0232716 0.0170351 0.642735
fishery 2011 177.954  21 0.0262721 0.0208468 0.506444
fishery 2011 177.954  22 0.0320999 0.0260278 0.508643
fishery 2011 177.954  23 0.031362 0.0277235 0.295586
fishery 2011 177.954  24 0.0274988 0.0253123 0.185656
fishery 2011 177.954  25 0.0270288 0.0227443 0.383286
fishery 2011 177.954  26 0.0266521 0.0219717 0.425831
fishery 2011 177.954  27 0.0371713 0.0209955 1.50474
fishery 2011 177.954  28 0.0212244 0.0181527 0.306842
fishery 2011 177.954  29 0.0117819 0.0145259 -0.305849
fishery 2011 177.954  30 0.0161892 0.0116606 0.562499
fishery 2011 177.954  31 0.00855579 0.00947814 -0.12692
fishery 2011 177.954  32 0.00607272 0.0074432 -0.212558
fishery 2011 177.954  33 0.00735358 0.00563421 0.306161
fishery 2011 177.954  34 0.00632898 0.00429263 0.415025
fishery 2011 177.954  35 0.00398226 0.00338441 0.137118
fishery 2011 177.954  36 0.000655474 0.00272784 -0.529068
fishery 2011 177.954  37 0.00159814 0.00223983 -0.180674
fishery 2011 177.954  38 0.000941681 0.00192015 -0.297389
fishery 2011 177.954  39 0.00225263 0.00175057 0.15976
fishery 2011 177.954  40 0.0190313 0.0186385 0.0387364
fishery 2013 183.694  3 0 0.00449643 -0.909871
fishery 2013 183.694  4 0 0.00766169 -1.19014
fishery 2013 183.694  5 0.0104914 0.0201137 -0.928725
fishery 2013 183.694  6 0.00910287 0.0145688 -0.618072
fishery 2013 183.694  7 0.0121293 0.0229744 -0.980872
fishery 2013 183.694  8 0.0304391 0.0418492 -0.772192
fishery 2013 183.694  9 0.0517484 0.041541 0.693241
fishery 2013 183.694  10 0.0463451 0.0314129 1.16006
fishery 2013 183.694  11 0.0536432 0.0394093 0.991404
fishery 2013 183.694  12 0.0610653 0.061311 -0.0138758
fishery 2013 183.694  13 0.102504 0.091503 0.517128
fishery 2013 183.694  14 0.0683326 0.0790362 -0.537674
fishery 2013 183.694  15 0.05337 0.0660801 -0.693389
fishery 2013 183.694  16 0.0406839 0.0605562 -1.12914
fishery 2013 183.694  17 0.059631 0.0583817 0.0722156
fishery 2013 183.694  18 0.054692 0.049471 0.326294
fishery 2013 183.694  19 0.0326243 0.0343877 -0.131138
fishery 2013 183.694  20 0.0254033 0.0218056 0.333795
fishery 2013 183.694  21 0.0126549 0.0145998 -0.219699
fishery 2013 183.694  22 0.013275 0.0135157 -0.0282465
fishery 2013 183.694  23 0.0153525 0.0166444 -0.136825
fishery 2013 183.694  24 0.0244082 0.0207346 0.349334
fishery 2013 183.694  25 0.0342613 0.0224549 1.0798
fishery 2013 183.694  26 0.0142691 0.0213009 -0.659917
fishery 2013 183.694  27 0.0286892 0.0197088 0.875444
fishery 2013 183.694  28 0.0283679 0.0190161 0.927765
fishery 2013 183.694  29 0.0200824 0.018045 0.207382
fishery 2013 183.694  30 0.0170619 0.0157215 0.145987
fishery 2013 183.694  31 0.00796755 0.0127116 -0.573733
fishery 2013 183.694  32 0.0119744 0.0101183 0.251233
fishery 2013 183.694  33 0.0100427 0.0080934 0.29468
fishery 2013 183.694  34 0.00905752 0.00631599 0.468656
fishery 2013 183.694  35 0.00542925 0.00477834 0.127796
fishery 2013 183.694  36 0.00703248 0.00361913 0.769335
fishery 2013 183.694  37 0.001746 0.00282381 -0.274801
fishery 2013 183.694  38 0.00293138 0.00228235 0.183938
fishery 2013 183.694  39 0.00362781 0.00192886 0.523454
fishery 2013 183.694  40 0.0195623 0.0190264 0.0531448
fishery 2015 183.694  3 0 0.00833414 -1.24176
fishery 2015 183.694  4 0.00542685 0.0111646 -0.739797
fishery 2015 183.694  5 0.000901307 0.0100707 -1.24406
fishery 2015 183.694  6 0.00564106 0.0176174 -1.2335
fishery 2015 183.694  7 0.0314712 0.0372744 -0.415146
fishery 2015 183.694  8 0.0360504 0.0292555 0.546394
fishery 2015 183.694  9 0.0358087 0.0398292 -0.278608
fishery 2015 183.694  10 0.0715227 0.0625244 0.503697
fishery 2015 183.694  11 0.0726213 0.0584482 0.818784
fishery 2015 183.694  12 0.0437577 0.0416698 0.141592
fishery 2015 183.694  13 0.0452321 0.0436488 0.105022
fishery 2015 183.694  14 0.0204823 0.0595236 -2.23624
fishery 2015 183.694  15 0.0460106 0.0774465 -1.59386
fishery 2015 183.694  16 0.0281808 0.0670268 -2.10526
fishery 2015 183.694  17 0.0500737 0.0524284 -0.143172
fishery 2015 183.694  18 0.0626079 0.0459059 1.08153
fishery 2015 183.694  19 0.0562161 0.0422276 0.942628
fishery 2015 183.694  20 0.043787 0.0355597 0.602043
fishery 2015 183.694  21 0.0409555 0.0254037 1.33932
fishery 2015 183.694  22 0.0176261 0.0167433 0.093221
fishery 2015 183.694  23 0.0102844 0.0119536 -0.208084
fishery 2015 183.694  24 0.0115029 0.0115308 -0.00353539
fishery 2015 183.694  25 0.0236046 0.0142471 1.06981
fishery 2015 183.694  26 0.0295693 0.0176232 1.23019
fishery 2015 183.694  27 0.0315524 0.0192377 1.21479
fishery 2015 183.694  28 0.0229958 0.0186682 0.433235
fishery 2015 183.694  29 0.0286202 0.0174856 1.15105
fishery 2015 183.694  30 0.0245964 0.016682 0.837272
fishery 2015 183.694  31 0.0255302 0.0156113 1.0841
fishery 2015 183.694  32 0.0185341 0.0135748 0.580652
fishery 2015 183.694  33 0.0117212 0.0110011 0.0935216
fishery 2015 183.694  34 0.0152668 0.00867622 0.962611
fishery 2015 183.694  35 0.00658871 0.00683315 -0.0401867
fishery 2015 183.694  36 0.00587124 0.00529658 0.107202
fishery 2015 183.694  37 0.00200121 0.00401689 -0.431381
fishery 2015 183.694  38 0.00395573 0.00305707 0.220266
fishery 2015 183.694  39 0.00308542 0.00242592 0.181324
fishery 2015 183.694  40 0.0103459 0.0199761 -0.932608
fishery 2017 189.435  3 0.0017158 0.0125754 -1.34079
fishery 2017 189.435  4 0.00216692 0.0102375 -1.10296
fishery 2017 189.435  5 0.0103244 0.0169419 -0.705549
fishery 2017 189.435  6 0.0227034 0.0220941 0.0570313
fishery 2017 189.435  7 0.017149 0.0202422 -0.302226
fishery 2017 189.435  8 0.022828 0.0328957 -0.776766
fishery 2017 189.435  9 0.0840059 0.0577646 1.54799
fishery 2017 189.435  10 0.0854505 0.0470756 2.49347
fishery 2017 189.435  11 0.0806577 0.0539353 1.62806
fishery 2017 189.435  12 0.0899217 0.072741 0.910443
fishery 2017 189.435  13 0.0738653 0.0640024 0.554583
fishery 2017 189.435  14 0.0342592 0.043136 -0.601305
fishery 2017 189.435  15 0.0293354 0.0390671 -0.691219
fishery 2017 189.435  16 0.0355161 0.0480467 -0.80634
fishery 2017 189.435  17 0.0329608 0.0571307 -1.4332
fishery 2017 189.435  18 0.0361711 0.0501793 -0.883057
fishery 2017 189.435  19 0.042918 0.0391226 0.269392
fishery 2017 189.435  20 0.0290379 0.0337704 -0.360536
fishery 2017 189.435  21 0.0375079 0.0308497 0.529903
fishery 2017 189.435  22 0.0234272 0.0263625 -0.252122
fishery 2017 189.435  23 0.0134131 0.0197082 -0.623198
fishery 2017 189.435  24 0.0108645 0.0137204 -0.337779
fishery 2017 189.435  25 0.0131988 0.0104203 0.376411
fishery 2017 189.435  26 0.0176828 0.0103508 0.996586
fishery 2017 189.435  27 0.0198573 0.0126556 0.886381
fishery 2017 189.435  28 0.0170069 0.0154227 0.176889
fishery 2017 189.435  29 0.0103787 0.0168022 -0.687659
fishery 2017 189.435  30 0.0120559 0.0164428 -0.474648
fishery 2017 189.435  31 0.0142461 0.0153848 -0.127305
fishery 2017 189.435  32 0.0181357 0.014406 0.430661
fishery 2017 189.435  33 0.0150284 0.0132299 0.216563
fishery 2017 189.435  34 0.00927718 0.0114369 -0.279438
fishery 2017 189.435  35 0.00853816 0.00927407 -0.105611
fishery 2017 189.435  36 0.00248167 0.00728092 -0.776428
fishery 2017 189.435  37 0.000970583 0.00567815 -0.861547
fishery 2017 189.435  38 0.00274127 0.0044038 -0.345186
fishery 2017 189.435  39 0.00282941 0.00340376 -0.135529
fishery 2017 189.435  40 0.0193714 0.0218077 -0.229532
fishery 2019 189.435  3 0.00850509 0.015096 -0.74371
fishery 2019 189.435  4 0.0019603 0.0117184 -1.24749
fishery 2019 189.435  5 0.0209639 0.0232003 -0.204426
fishery 2019 189.435  6 0.017983 0.0213202 -0.317907
fishery 2019 189.435  7 0.0434581 0.0311449 0.975463
fishery 2019 189.435  8 0.052809 0.0374225 1.11566
fishery 2019 189.435  9 0.0524388 0.033815 1.41792
fishery 2019 189.435  10 0.0779074 0.0481576 1.9123
fishery 2019 189.435  11 0.0822049 0.0716901 0.560956
fishery 2019 189.435  12 0.0645852 0.0585786 0.352018
fishery 2019 189.435  13 0.0532279 0.0564791 -0.193827
fishery 2019 189.435  14 0.0515897 0.0660257 -0.800055
fishery 2019 189.435  15 0.0559794 0.0556692 0.0186224
fishery 2019 189.435  16 0.0314382 0.0368416 -0.394749
fishery 2019 189.435  17 0.0188395 0.0307202 -0.94747
fishery 2019 189.435  18 0.0227959 0.0352739 -0.930866
fishery 2019 189.435  19 0.0340203 0.0399905 -0.419326
fishery 2019 189.435  20 0.0332928 0.0361545 -0.21096
fishery 2019 189.435  21 0.0244496 0.029377 -0.401553
fishery 2019 189.435  22 0.0303359 0.0258987 0.384429
fishery 2019 189.435  23 0.020365 0.024096 -0.334804
fishery 2019 189.435  24 0.0160189 0.0210899 -0.485641
fishery 2019 189.435  25 0.0196303 0.01644 0.34521
fishery 2019 189.435  26 0.0121193 0.012013 0.0134198
fishery 2019 189.435  27 0.0214458 0.0095168 1.6902
fishery 2019 189.435  28 0.0119867 0.00950863 0.351261
fishery 2019 189.435  29 0.0131707 0.0113276 0.239595
fishery 2019 189.435  30 0.0137598 0.0134738 0.0341325
fishery 2019 189.435  31 0.0104719 0.0145324 -0.466843
fishery 2019 189.435  32 0.0148934 0.0141954 0.0811828
fishery 2019 189.435  33 0.0176107 0.0131819 0.534251
fishery 2019 189.435  34 0.0104321 0.0121129 -0.211396
fishery 2019 189.435  35 0.00987909 0.0109301 -0.139062
fishery 2019 189.435  36 0.00235005 0.00939305 -1.00439
fishery 2019 189.435  37 0.00432214 0.00763867 -0.523948
fishery 2019 189.435  38 0.00507467 0.00602186 -0.168366
fishery 2019 189.435  39 0.00322695 0.00474069 -0.302994
fishery 2019 189.435  40 0.0144574 0.0252134 -0.944122
fishery 2020 195.175  3 0.00285038 0.00552666 -0.503878
fishery 2020 195.175  4 0.0143464 0.019744 -0.541903
fishery 2020 195.175  5 0.0103841 0.0174116 -0.750391
fishery 2020 195.175  6 0.0324334 0.03114 0.104014
fishery 2020 195.175  7 0.0481962 0.0291579 1.58058
fishery 2020 195.175  8 0.0709297 0.0396875 2.23546
fishery 2020 195.175  9 0.0553743 0.0456101 0.653742
fishery 2020 195.175  10 0.0747546 0.0404475 2.43257
fishery 2020 195.175  11 0.0847222 0.0531792 1.96368
fishery 2020 195.175  12 0.0619383 0.0733089 -0.609428
fishery 2020 195.175  13 0.0551031 0.0596563 -0.268552
fishery 2020 195.175  14 0.0505193 0.0536007 -0.191121
fishery 2020 195.175  15 0.0440741 0.0589274 -0.881107
fishery 2020 195.175  16 0.0308642 0.0491193 -1.17996
fishery 2020 195.175  17 0.0263507 0.0327311 -0.500893
fishery 2020 195.175  18 0.0176889 0.0268339 -0.790461
fishery 2020 195.175  19 0.0278614 0.0301996 -0.19085
fishery 2020 195.175  20 0.0322214 0.033895 -0.129189
fishery 2020 195.175  21 0.0380852 0.0312736 0.546642
fishery 2020 195.175  22 0.0150309 0.0262062 -0.977139
fishery 2020 195.175  23 0.015781 0.0235282 -0.713912
fishery 2020 195.175  24 0.0119769 0.0220993 -0.961753
fishery 2020 195.175  25 0.01987 0.0195539 0.031883
fishery 2020 195.175  26 0.0123846 0.0154839 -0.350582
fishery 2020 195.175  27 0.0233638 0.011526 1.54873
fishery 2020 195.175  28 0.0195967 0.00924161 1.51104
fishery 2020 195.175  29 0.0127446 0.0091666 0.524215
fishery 2020 195.175  30 0.0113391 0.0107242 0.0833642
fishery 2020 195.175  31 0.0109005 0.012563 -0.208454
fishery 2020 195.175  32 0.0103779 0.0134535 -0.372823
fishery 2020 195.175  33 0.0110641 0.0131162 -0.251889
fishery 2020 195.175  34 0.0120428 0.0121384 -0.0121863
fishery 2020 195.175  35 0.00932043 0.0110684 -0.233308
fishery 2020 195.175  36 0.00418001 0.00991528 -0.808278
fishery 2020 195.175  37 0.00397216 0.00850988 -0.68975
fishery 2020 195.175  38 0.00247563 0.00695577 -0.752553
fishery 2020 195.175  39 0.00391122 0.00554233 -0.306667
fishery 2020 195.175  40 0.01097 0.0277567 -1.42735
fishery 2021 189.435  3 0.00141178 0.00437826 -0.617704
fishery 2021 189.435  4 0.00502608 0.00835353 -0.502886
fishery 2021 189.435  5 0.0277106 0.0265934 0.0955594
fishery 2021 189.435  6 0.0406035 0.0247334 1.40611
fishery 2021 189.435  7 0.0413898 0.0400924 0.091017
fishery 2021 189.435  8 0.0388761 0.0378702 0.0725227
fishery 2021 189.435  9 0.0570102 0.0479164 0.58594
fishery 2021 189.435  10 0.0777093 0.0525877 1.54891
fishery 2021 189.435  11 0.0542842 0.0455259 0.578216
fishery 2021 189.435  12 0.057641 0.0551339 0.151173
fishery 2021 189.435  13 0.0536347 0.0708001 -0.921053
fishery 2021 189.435  14 0.0359258 0.0575169 -1.27625
fishery 2021 189.435  15 0.0382679 0.049071 -0.688252
fishery 2021 189.435  16 0.0374078 0.0511826 -0.860247
fishery 2021 189.435  17 0.0332602 0.0424372 -0.626502
fishery 2021 189.435  18 0.0253471 0.0287314 -0.278789
fishery 2021 189.435  19 0.0328903 0.0235187 0.850976
fishery 2021 189.435  20 0.0229909 0.0261827 -0.275066
fishery 2021 189.435  21 0.0220071 0.0293123 -0.595966
fishery 2021 189.435  22 0.0269366 0.0276614 -0.0608201
fishery 2021 189.435  23 0.0247285 0.0239339 0.0715421
fishery 2021 189.435  24 0.0267112 0.0218658 0.455915
fishery 2021 189.435  25 0.0217662 0.0207001 0.103028
fishery 2021 189.435  26 0.0201642 0.018449 0.175381
fishery 2021 189.435  27 0.0137956 0.0147982 -0.114242
fishery 2021 189.435  28 0.0128487 0.0111704 0.219698
fishery 2021 189.435  29 0.0113543 0.00900792 0.341614
fishery 2021 189.435  30 0.00616834 0.00883894 -0.392485
fishery 2021 189.435  31 0.0134066 0.0101231 0.451234
fishery 2021 189.435  32 0.0141052 0.0116718 0.311699
fishery 2021 189.435  33 0.00947248 0.0124092 -0.364974
fishery 2021 189.435  34 0.0189886 0.0120746 0.87093
fishery 2021 189.435  35 0.0123889 0.0111454 0.162954
fishery 2021 189.435  36 0.0101144 0.0101061 0.00113847
fishery 2021 189.435  37 0.0132465 0.00900588 0.617478
fishery 2021 189.435  38 0.00473608 0.00774361 -0.47193
fishery 2021 189.435  39 0.00185631 0.00639807 -0.783404
fishery 2021 189.435  40 0.0338169 0.0309588 0.227077
fishery 2023 189.435  3 0.0031791 0.016038 -1.40843
fishery 2023 189.435  4 0.0103034 0.0171663 -0.726999
fishery 2023 189.435  5 0.012584 0.0092913 0.472103
fishery 2023 189.435  6 0.0265283 0.0169565 1.02011
fishery 2023 189.435  7 0.0806451 0.0423732 2.61467
fishery 2023 189.435  8 0.0692648 0.0420259 1.86824
fishery 2023 189.435  9 0.0746919 0.0566699 1.07273
fishery 2023 189.435  10 0.063174 0.0530479 0.621778
fishery 2023 189.435  11 0.0431419 0.0578445 -0.866754
fishery 2023 189.435  12 0.0476462 0.0578004 -0.598828
fishery 2023 189.435  13 0.0382028 0.0474251 -0.597134
fishery 2023 189.435  14 0.0411156 0.0496469 -0.540519
fishery 2023 189.435  15 0.0397271 0.0566735 -1.00867
fishery 2023 189.435  16 0.032256 0.0464996 -0.93094
fishery 2023 189.435  17 0.0311328 0.0377528 -0.477987
fishery 2023 189.435  18 0.0255059 0.0365019 -0.806908
fishery 2023 189.435  19 0.0226427 0.0304316 -0.624003
fishery 2023 189.435  20 0.020454 0.0217786 -0.124873
fishery 2023 189.435  21 0.0227611 0.0184933 0.435873
fishery 2023 189.435  22 0.0168256 0.0206756 -0.372302
fishery 2023 189.435  23 0.0238345 0.0233476 0.0443649
fishery 2023 189.435  24 0.0321769 0.0229776 0.844865
fishery 2023 189.435  25 0.0193456 0.0209586 -0.154947
fishery 2023 189.435  26 0.024009 0.019642 0.433031
fishery 2023 189.435  27 0.0110271 0.0186952 -0.779001
fishery 2023 189.435  28 0.0229824 0.0167667 0.666103
fishery 2023 189.435  29 0.0124364 0.0136456 -0.143405
fishery 2023 189.435  30 0.0108709 0.0104606 0.055487
fishery 2023 189.435  31 0.0111797 0.00842231 0.415042
fishery 2023 189.435  32 0.0131527 0.00798528 0.798604
fishery 2023 189.435  33 0.00656725 0.00874392 -0.321611
fishery 2023 189.435  34 0.0121668 0.00976794 0.335547
fishery 2023 189.435  35 0.0145562 0.0102471 0.588624
fishery 2023 189.435  36 0.00974029 0.00995004 -0.029071
fishery 2023 189.435  37 0.00561826 0.00917943 -0.513669
fishery 2023 189.435  38 0.00553656 0.00830399 -0.419483
fishery 2023 189.435  39 0.00289905 0.0074352 -0.726276
fishery 2023 189.435  40 0.0401184 0.0383783 0.124654
