 index year n comp_unit obs pred pearson
AI_survey 2024 223.768  15 0.000454228 0.00104212 -0.271264
AI_survey 2024 223.768  16 0.000202497 0.000845956 -0.32914
AI_survey 2024 223.768  17 0.000324685 0.00129343 -0.40165
AI_survey 2024 223.768  18 0.000428978 0.00182116 -0.487113
AI_survey 2024 223.768  19 0.000857246 0.0024404 -0.479002
AI_survey 2024 223.768  20 0.0013527 0.00312111 -0.473494
AI_survey 2024 223.768  21 0.00248151 0.00390083 -0.340169
AI_survey 2024 223.768  22 0.00312918 0.00473574 -0.349685
AI_survey 2024 223.768  23 0.0044339 0.00564396 -0.241414
AI_survey 2024 223.768  24 0.00530123 0.00696645 -0.299279
AI_survey 2024 223.768  25 0.00690051 0.00881247 -0.30585
AI_survey 2024 223.768  26 0.00680437 0.0116535 -0.675605
AI_survey 2024 223.768  27 0.00758217 0.0157964 -0.985169
AI_survey 2024 223.768  28 0.0118448 0.0212073 -0.971857
AI_survey 2024 223.768  29 0.0155781 0.0274554 -1.08711
AI_survey 2024 223.768  30 0.0246571 0.0346435 -0.816759
AI_survey 2024 223.768  31 0.035779 0.0415835 -0.434892
AI_survey 2024 223.768  32 0.0373142 0.0488517 -0.800585
AI_survey 2024 223.768  33 0.0543706 0.056144 -0.115232
AI_survey 2024 223.768  34 0.0747248 0.0635904 0.682503
AI_survey 2024 223.768  35 0.0959483 0.0709283 1.45789
AI_survey 2024 223.768  36 0.113991 0.0775306 2.03933
AI_survey 2024 223.768  37 0.101884 0.0816131 1.10752
AI_survey 2024 223.768  38 0.0920955 0.0819565 0.5529
AI_survey 2024 223.768  39 0.301559 0.326422 -0.793163
fishery 1964 107.586  15 0 0.00185787 -0.446298
fishery 1964 107.586  16 0 0.00129926 -0.372688
fishery 1964 107.586  17 0 0.00176315 -0.434689
fishery 1964 107.586  18 0 0.00216119 -0.481607
fishery 1964 107.586  19 0.000489034 0.00253127 -0.420736
fishery 1964 107.586  20 0.000338562 0.00280005 -0.482313
fishery 1964 107.586  21 0.000463956 0.0033118 -0.513369
fishery 1964 107.586  22 0.000827597 0.0042231 -0.542467
fishery 1964 107.586  23 0.00161758 0.00578456 -0.569443
fishery 1964 107.586  24 0.00144202 0.00845595 -0.794047
fishery 1964 107.586  25 0.00257057 0.0119648 -0.895816
fishery 1964 107.586  26 0.00359879 0.0163291 -1.04155
fishery 1964 107.586  27 0.00603142 0.021007 -1.0829
fishery 1964 107.586  28 0.00843898 0.0256046 -1.12701
fishery 1964 107.586  29 0.0156867 0.0299142 -0.866143
fishery 1964 107.586  30 0.0256304 0.0348786 -0.522763
fishery 1964 107.586  31 0.0500571 0.0404869 0.503574
fishery 1964 107.586  32 0.0673363 0.0480109 0.93751
fishery 1964 107.586  33 0.0801139 0.0568552 1.04172
fishery 1964 107.586  34 0.0962395 0.0666926 1.22831
fishery 1964 107.586  35 0.135563 0.0754142 2.36252
fishery 1964 107.586  36 0.130209 0.0816537 1.83905
fishery 1964 107.586  37 0.127726 0.083618 1.65265
fishery 1964 107.586  38 0.0970545 0.0807371 0.621223
fishery 1964 107.586  39 0.148566 0.292645 -3.28461
fishery 1965 117.123  15 0 0.00451901 -0.728365
fishery 1965 117.123  16 0 0.00325716 -0.617712
fishery 1965 117.123  17 0 0.00451164 -0.727767
fishery 1965 117.123  18 0 0.00564563 -0.814751
fishery 1965 117.123  19 0 0.00648409 -0.873628
fishery 1965 117.123  20 0 0.00695498 -0.905056
fishery 1965 117.123  21 0.000137957 0.00725794 -0.90715
fishery 1965 117.123  22 0.000137957 0.00749831 -0.922753
fishery 1965 117.123  23 0.00207997 0.00797388 -0.716735
fishery 1965 117.123  24 0.00870193 0.00939059 -0.0772323
fishery 1965 117.123  25 0.0110578 0.0121298 -0.105944
fishery 1965 117.123  26 0.0212348 0.0166329 0.389306
fishery 1965 117.123  27 0.0298625 0.022868 0.506281
fishery 1965 117.123  28 0.035593 0.0302192 0.339672
fishery 1965 117.123  29 0.0396574 0.037282 0.135681
fishery 1965 117.123  30 0.0606164 0.0437967 0.889397
fishery 1965 117.123  31 0.0721729 0.0486439 1.18358
fishery 1965 117.123  32 0.09362 0.0529583 1.96479
fishery 1965 117.123  33 0.07767 0.0570789 0.960481
fishery 1965 117.123  34 0.0969416 0.0614545 1.59902
fishery 1965 117.123  35 0.115088 0.065644 2.1605
fishery 1965 117.123  36 0.0973555 0.0692247 1.19928
fishery 1965 117.123  37 0.0827108 0.0706492 0.509394
fishery 1965 117.123  38 0.0566262 0.0693425 -0.5417
fishery 1965 117.123  39 0.098735 0.278582 -4.3416
fishery 1966 115.979  15 0 0.00214593 -0.49826
fishery 1966 115.979  16 0 0.00213425 -0.496893
fishery 1966 115.979  17 0 0.00364242 -0.650254
fishery 1966 115.979  18 5.40085e-005 0.00559972 -0.799646
fishery 1966 115.979  19 0.000259241 0.00794913 -0.931991
fishery 1966 115.979  20 0.000842533 0.0104111 -1.01474
fishery 1966 115.979  21 0.00106937 0.0126176 -1.11379
fishery 1966 115.979  22 0.00237637 0.0142396 -1.07797
fishery 1966 115.979  23 0.00567089 0.0152732 -0.842949
fishery 1966 115.979  24 0.0103588 0.0160706 -0.489021
fishery 1966 115.979  25 0.0141718 0.0169504 -0.231741
fishery 1966 115.979  26 0.0224459 0.0190611 0.266518
fishery 1966 115.979  27 0.0280088 0.023183 0.345281
fishery 1966 115.979  28 0.0397503 0.0299962 0.615722
fishery 1966 115.979  29 0.0427099 0.0383853 0.242382
fishery 1966 115.979  30 0.0582104 0.0476429 0.534215
fishery 1966 115.979  31 0.0650695 0.0550578 0.472655
fishery 1966 115.979  32 0.0792521 0.059866 0.879956
fishery 1966 115.979  33 0.0681695 0.0614832 0.299739
fishery 1966 115.979  34 0.0761844 0.0614058 0.662899
fishery 1966 115.979  35 0.0865 0.0604167 1.17889
fishery 1966 115.979  36 0.0794357 0.0599308 0.884902
fishery 1966 115.979  37 0.0782259 0.05949 0.852954
fishery 1966 115.979  38 0.0633304 0.0585575 0.218902
fishery 1966 115.979  39 0.177904 0.25849 -1.98226
fishery 1967 103.389  15 0 0.00124887 -0.358128
fishery 1967 103.389  16 0 0.00119135 -0.349706
fishery 1967 103.389  17 0 0.00210335 -0.465717
fishery 1967 103.389  18 0 0.00346343 -0.598577
fishery 1967 103.389  19 0 0.00558987 -0.761674
fishery 1967 103.389  20 0 0.0086377 -0.948573
fishery 1967 103.389  21 0.000965605 0.0124873 -1.05457
fishery 1967 103.389  22 0.00186321 0.0169498 -1.18804
fishery 1967 103.389  23 0.00353602 0.0212267 -1.24767
fishery 1967 103.389  24 0.0100913 0.0249899 -0.970314
fishery 1967 103.389  25 0.0123081 0.0273892 -0.939367
fishery 1967 103.389  26 0.0200465 0.028971 -0.54094
fishery 1967 103.389  27 0.0241673 0.0305695 -0.378086
fishery 1967 103.389  28 0.0293898 0.0332426 -0.218499
fishery 1967 103.389  29 0.0381074 0.0382202 -0.00597849
fishery 1967 103.389  30 0.0391818 0.0457432 -0.319295
fishery 1967 103.389  31 0.0598131 0.053892 0.266608
fishery 1967 103.389  32 0.0603571 0.0608518 -0.0210394
fishery 1967 103.389  33 0.0698772 0.0642424 0.233665
fishery 1967 103.389  34 0.0790844 0.0636713 0.641818
fishery 1967 103.389  35 0.0848237 0.0600896 1.05817
fishery 1967 103.389  36 0.0957581 0.0561733 1.7479
fishery 1967 103.389  37 0.0941397 0.0530462 1.86415
fishery 1967 103.389  38 0.0884277 0.0509297 1.73408
fishery 1967 103.389  39 0.188062 0.23508 -1.1274
fishery 1968 119.412  15 0 0.0012639 -0.38721
fishery 1968 119.412  16 0 0.000979757 -0.340482
fishery 1968 119.412  17 0 0.00158382 -0.433867
fishery 1968 119.412  18 0 0.00237628 -0.532207
fishery 1968 119.412  19 0 0.00359357 -0.655342
fishery 1968 119.412  20 0 0.00538724 -0.803489
fishery 1968 119.412  21 0.000245033 0.00834067 -0.972156
fishery 1968 119.412  22 0.00219509 0.0127981 -1.03041
fishery 1968 119.412  23 0.00813714 0.0186743 -0.850368
fishery 1968 119.412  24 0.0236661 0.0257737 -0.145318
fishery 1968 119.412  25 0.0457599 0.032892 0.788291
fishery 1968 119.412  26 0.0687624 0.0391694 1.66672
fishery 1968 119.412  27 0.0754599 0.0434504 1.71556
fishery 1968 119.412  28 0.0780022 0.0457546 1.68628
fishery 1968 119.412  29 0.064168 0.0472156 0.873315
fishery 1968 119.412  30 0.056766 0.0494743 0.367402
fishery 1968 119.412  31 0.0532232 0.0531882 0.00170433
fishery 1968 119.412  32 0.0484349 0.0579243 -0.44387
fishery 1968 119.412  33 0.0505176 0.061421 -0.4962
fishery 1968 119.412  34 0.0570621 0.0622838 -0.236094
fishery 1968 119.412  35 0.0595532 0.0595819 -0.00132261
fishery 1968 119.412  36 0.0636269 0.0549049 0.418372
fishery 1968 119.412  37 0.0623507 0.0502126 0.607313
fishery 1968 119.412  38 0.0524779 0.0465594 0.306929
fishery 1968 119.412  39 0.129592 0.215196 -2.27623
fishery 1969 97.6663  15 0 0.00179585 -0.418017
fishery 1969 97.6663  16 0 0.00133613 -0.360139
fishery 1969 97.6663  17 0 0.00192413 -0.432798
fishery 1969 97.6663  18 0 0.00253626 -0.497357
fishery 1969 97.6663  19 0 0.00334225 -0.571442
fishery 1969 97.6663  20 3.05306e-005 0.00416272 -0.633506
fishery 1969 97.6663  21 0.000915919 0.00572843 -0.629647
fishery 1969 97.6663  22 0.00283935 0.00826821 -0.592131
fishery 1969 97.6663  23 0.00520547 0.0122728 -0.634105
fishery 1969 97.6663  24 0.0180436 0.0187446 -0.051069
fishery 1969 97.6663  25 0.0441625 0.0273616 1.01762
fishery 1969 97.6663  26 0.0849057 0.037579 2.45905
fishery 1969 97.6663  27 0.128992 0.0479892 3.74487
fishery 1969 97.6663  28 0.145921 0.0563378 3.83933
fishery 1969 97.6663  29 0.131511 0.0611848 2.89963
fishery 1969 97.6663  30 0.0943244 0.0630191 1.27308
fishery 1969 97.6663  31 0.0588936 0.0624898 -0.146821
fishery 1969 97.6663  32 0.040621 0.0618119 -0.869575
fishery 1969 97.6663  33 0.0260884 0.0610653 -1.44346
fishery 1969 97.6663  34 0.0299047 0.0600202 -1.25291
fishery 1969 97.6663  35 0.0347133 0.0571734 -0.95595
fishery 1969 97.6663  36 0.0417048 0.0529552 -0.496432
fishery 1969 97.6663  37 0.0390029 0.048137 -0.421667
fishery 1969 97.6663  38 0.0270196 0.0437811 -0.8095
fishery 1969 97.6663  39 0.0452006 0.198983 -3.80665
fishery 1970 74.7758  15 0 0.00219303 -0.404477
fishery 1970 74.7758  16 0 0.00166005 -0.35156
fishery 1970 74.7758  17 0 0.00240805 -0.423974
fishery 1970 74.7758  18 0 0.00319084 -0.488483
fishery 1970 74.7758  19 0 0.0039839 -0.546209
fishery 1970 74.7758  20 0 0.00473364 -0.595734
fishery 1970 74.7758  21 2.59707e-005 0.00573927 -0.653451
fishery 1970 74.7758  22 0.00145436 0.00703574 -0.577025
fishery 1970 74.7758  23 0.00586937 0.00901059 -0.287296
fishery 1970 74.7758  24 0.0112713 0.0126564 -0.107106
fishery 1970 74.7758  25 0.0168809 0.0186222 -0.111352
fishery 1970 74.7758  26 0.0306713 0.0274662 0.169551
fishery 1970 74.7758  27 0.0394235 0.0392782 0.00646573
fishery 1970 74.7758  28 0.0816517 0.0528287 1.11412
fishery 1970 74.7758  29 0.0966368 0.0646551 1.12451
fishery 1970 74.7758  30 0.101935 0.0732489 0.952004
fishery 1970 74.7758  31 0.102013 0.0760304 0.847637
fishery 1970 74.7758  32 0.0885599 0.0742172 0.473128
fishery 1970 74.7758  33 0.0630567 0.069461 -0.217812
fishery 1970 74.7758  34 0.0524867 0.0633785 -0.38654
fishery 1970 74.7758  35 0.0543825 0.0572023 -0.104989
fishery 1970 74.7758  36 0.060174 0.05172 0.33007
fishery 1970 74.7758  37 0.0507467 0.0465315 0.173033
fishery 1970 74.7758  38 0.054019 0.0422261 0.507022
fishery 1970 74.7758  39 0.0887417 0.190522 -2.2411
fishery 1971 77.8278  15 0 0.00219382 -0.412724
fishery 1971 77.8278  16 0 0.00170728 -0.363768
fishery 1971 77.8278  17 0 0.00253213 -0.443616
fishery 1971 77.8278  18 0 0.0034428 -0.517779
fishery 1971 77.8278  19 0 0.00442452 -0.587456
fishery 1971 77.8278  20 0 0.00542669 -0.651057
fishery 1971 77.8278  21 0.0040671 0.00648008 -0.265101
fishery 1971 77.8278  22 0.0107573 0.00757318 0.32381
fishery 1971 77.8278  23 0.0118403 0.00892909 0.272863
fishery 1971 77.8278  24 0.0142469 0.0110972 0.265128
fishery 1971 77.8278  25 0.0130917 0.0141386 -0.078196
fishery 1971 77.8278  26 0.0186509 0.0193757 -0.0463755
fishery 1971 77.8278  27 0.0372536 0.0278807 0.502173
fishery 1971 77.8278  28 0.0507304 0.0402368 0.471026
fishery 1971 77.8278  29 0.0734002 0.0548512 0.718633
fishery 1971 77.8278  30 0.114745 0.0698708 1.5528
fishery 1971 77.8278  31 0.135466 0.080865 1.76673
fishery 1971 77.8278  32 0.106539 0.0855545 0.661814
fishery 1971 77.8278  33 0.0789353 0.082766 -0.122644
fishery 1971 77.8278  34 0.0594903 0.0750265 -0.520251
fishery 1971 77.8278  35 0.0479388 0.0646047 -0.598047
fishery 1971 77.8278  36 0.0498881 0.0552583 -0.20733
fishery 1971 77.8278  37 0.0444974 0.0476728 -0.131462
fishery 1971 77.8278  38 0.0437754 0.0421515 0.0712906
fishery 1971 77.8278  39 0.084687 0.18594 -2.2959
fishery 1972 66.0011  15 0 0.00312445 -0.454098
fishery 1972 66.0011  16 0 0.00229886 -0.389126
fishery 1972 66.0011  17 0 0.00327032 -0.464645
fishery 1972 66.0011  18 0 0.00425416 -0.530397
fishery 1972 66.0011  19 0 0.00522295 -0.588109
fishery 1972 66.0011  20 0 0.00617335 -0.639781
fishery 1972 66.0011  21 0 0.00719745 -0.691248
fishery 1972 66.0011  22 0 0.00835927 -0.745461
fishery 1972 66.0011  23 0.000233942 0.0096393 -0.781643
fishery 1972 66.0011  24 0.00581512 0.0114232 -0.428554
fishery 1972 66.0011  25 0.0283404 0.0132846 1.06793
fishery 1972 66.0011  26 0.0488938 0.0163643 2.08236
fishery 1972 66.0011  27 0.0569815 0.0213069 2.00656
fishery 1972 66.0011  28 0.0675423 0.0291315 1.85522
fishery 1972 66.0011  29 0.0848205 0.0409836 1.79616
fishery 1972 66.0011  30 0.0996591 0.0562914 1.5285
fishery 1972 66.0011  31 0.123187 0.0721361 1.603
fishery 1972 66.0011  32 0.0962503 0.0848195 0.333293
fishery 1972 66.0011  33 0.0743934 0.0901989 -0.448216
fishery 1972 66.0011  34 0.056781 0.0871284 -0.874158
fishery 1972 66.0011  35 0.0520353 0.0771834 -0.765483
fishery 1972 66.0011  36 0.0497627 0.0651063 -0.505218
fishery 1972 66.0011  37 0.0455183 0.0539715 -0.303894
fishery 1972 66.0011  38 0.0386338 0.0455272 -0.268624
fishery 1972 66.0011  39 0.0711517 0.185603 -2.39154
fishery 1977 38.9139  15 0 0.00626205 -0.494801
fishery 1977 38.9139  16 0 0.00465117 -0.425973
fishery 1977 38.9139  17 0 0.00667321 -0.510917
fishery 1977 38.9139  18 0.000121926 0.00879174 -0.579025
fishery 1977 38.9139  19 0.000199945 0.0110329 -0.646649
fishery 1977 38.9139  20 0.000819374 0.013385 -0.681857
fishery 1977 38.9139  21 0.00264059 0.0160094 -0.664246
fishery 1977 38.9139  22 0.00859374 0.0189783 -0.474634
fishery 1977 38.9139  23 0.0168438 0.0220572 -0.221381
fishery 1977 38.9139  24 0.0218821 0.0253798 -0.138706
fishery 1977 38.9139  25 0.0278467 0.0284158 -0.0213632
fishery 1977 38.9139  26 0.0424913 0.0312058 0.404831
fishery 1977 38.9139  27 0.0459877 0.0333933 0.437233
fishery 1977 38.9139  28 0.0540791 0.0349804 0.648359
fishery 1977 38.9139  29 0.0552506 0.0361242 0.639318
fishery 1977 38.9139  30 0.0573263 0.0374352 0.653582
fishery 1977 38.9139  31 0.0602607 0.0392191 0.676112
fishery 1977 38.9139  32 0.0641892 0.0425058 0.670409
fishery 1977 38.9139  33 0.0605958 0.0473854 0.387833
fishery 1977 38.9139  34 0.0514112 0.0540013 -0.0714803
fishery 1977 38.9139  35 0.0588949 0.0604728 -0.0412933
fishery 1977 38.9139  36 0.0569186 0.065269 -0.210878
fishery 1977 38.9139  37 0.0654614 0.0662605 -0.0200392
fishery 1977 38.9139  38 0.0687019 0.0627676 0.152617
fishery 1977 38.9139  39 0.179483 0.227343 -0.712336
fishery 1978 46.9256  15 0.000105355 0.00607648 -0.525901
fishery 1978 46.9256  16 0.00016808 0.00452739 -0.444331
fishery 1978 46.9256  17 0.000130396 0.00650813 -0.542913
fishery 1978 46.9256  18 0.000426305 0.00853606 -0.603522
fishery 1978 46.9256  19 0.00104316 0.0105178 -0.635912
fishery 1978 46.9256  20 0.00222195 0.0123992 -0.62976
fishery 1978 46.9256  21 0.00417057 0.0144377 -0.589407
fishery 1978 46.9256  22 0.00896387 0.0168063 -0.417803
fishery 1978 46.9256  23 0.0181879 0.0195763 -0.0686336
fishery 1978 46.9256  24 0.0309194 0.0230667 0.358268
fishery 1978 46.9256  25 0.0607865 0.0269421 1.43162
fishery 1978 46.9256  26 0.0659578 0.0310988 1.37544
fishery 1978 46.9256  27 0.0514908 0.0350853 0.610701
fishery 1978 46.9256  28 0.055047 0.038511 0.588592
fishery 1978 46.9256  29 0.0842047 0.0410016 1.49231
fishery 1978 46.9256  30 0.0880717 0.0427734 1.53336
fishery 1978 46.9256  31 0.0613714 0.044023 0.579235
fishery 1978 46.9256  32 0.0461594 0.0459124 0.00808322
fishery 1978 46.9256  33 0.0449591 0.0484195 -0.110419
fishery 1978 46.9256  34 0.0380423 0.0524185 -0.441836
fishery 1978 46.9256  35 0.0378096 0.0569495 -0.565712
fishery 1978 46.9256  36 0.0434384 0.0610172 -0.503044
fishery 1978 46.9256  37 0.0540278 0.0627671 -0.246808
fishery 1978 46.9256  38 0.0520643 0.0610033 -0.255831
fishery 1978 46.9256  39 0.150232 0.229625 -1.29307
fishery 1979 41.5845  15 0.000675807 0.0130701 -0.703463
fishery 1979 41.5845  16 0.000158573 0.00904351 -0.604904
fishery 1979 41.5845  17 0.000445203 0.0121184 -0.687708
fishery 1979 41.5845  18 0.00119625 0.0146082 -0.720624
fishery 1979 41.5845  19 0.00297017 0.0161593 -0.674336
fishery 1979 41.5845  20 0.00484402 0.0167966 -0.599607
fishery 1979 41.5845  21 0.00332592 0.017043 -0.683222
fishery 1979 41.5845  22 0.00674129 0.0174101 -0.525862
fishery 1979 41.5845  23 0.00973436 0.0182525 -0.410236
fishery 1979 41.5845  24 0.0118776 0.0202472 -0.383108
fishery 1979 41.5845  25 0.0226094 0.0230801 -0.0202101
fishery 1979 41.5845  26 0.0336372 0.0270244 0.262935
fishery 1979 41.5845  27 0.0566359 0.0316071 0.922405
fishery 1979 41.5845  28 0.0633458 0.0364536 0.925183
fishery 1979 41.5845  29 0.0771224 0.0407248 1.18737
fishery 1979 41.5845  30 0.0896097 0.0443906 1.41565
fishery 1979 41.5845  31 0.0962132 0.046772 1.5098
fishery 1979 41.5845  32 0.0876036 0.0486622 1.167
fishery 1979 41.5845  33 0.0726091 0.0499994 0.668923
fishery 1979 41.5845  34 0.0662757 0.0518989 0.417909
fishery 1979 41.5845  35 0.0553139 0.0540712 0.0354315
fishery 1979 41.5845  36 0.0460214 0.056511 -0.292922
fishery 1979 41.5845  37 0.0449368 0.0576874 -0.352634
fishery 1979 41.5845  38 0.0444638 0.056574 -0.338001
fishery 1979 41.5845  39 0.101633 0.219795 -1.84002
fishery 1980 24.0351  15 0.00021961 0.0118659 -0.527074
fishery 1980 24.0351  16 0 0.00879067 -0.46143
fishery 1980 24.0351  17 0.000681703 0.0124483 -0.520077
fishery 1980 24.0351  18 0.00112092 0.0159683 -0.580504
fishery 1980 24.0351  19 0.000681703 0.0188392 -0.654583
fishery 1980 24.0351  20 0.00299311 0.0207624 -0.610813
fishery 1980 24.0351  21 0.00629828 0.0217539 -0.5193
fishery 1980 24.0351  22 0.01397 0.0219547 -0.267077
fishery 1980 24.0351  23 0.0182414 0.0217401 -0.117593
fishery 1980 24.0351  24 0.0208464 0.021896 -0.0351542
fishery 1980 24.0351  25 0.0199798 0.0226163 -0.0869205
fishery 1980 24.0351  26 0.041389 0.0246725 0.528199
fishery 1980 24.0351  27 0.0469779 0.0279844 0.564493
fishery 1980 24.0351  28 0.0720225 0.0325971 1.08828
fishery 1980 24.0351  29 0.0655394 0.0377167 0.715893
fishery 1980 24.0351  30 0.0757466 0.0430561 0.789469
fishery 1980 24.0351  31 0.0659018 0.047402 0.426769
fishery 1980 24.0351  32 0.0783052 0.0508474 0.612695
fishery 1980 24.0351  33 0.0665159 0.052738 0.302184
fishery 1980 24.0351  34 0.0513309 0.0539796 -0.05746
fishery 1980 24.0351  35 0.0551906 0.0545483 0.0138634
fishery 1980 24.0351  36 0.0480725 0.055177 -0.152533
fishery 1980 24.0351  37 0.0443262 0.0550766 -0.231008
fishery 1980 24.0351  38 0.050707 0.0536448 -0.0639178
fishery 1980 24.0351  39 0.152942 0.211923 -0.707553
fishery 1983 9.91923  15 0 0.0155039 -0.395107
fishery 1983 9.91923  16 0 0.0108905 -0.330326
fishery 1983 9.91923  17 0 0.0147902 -0.38576
fishery 1983 9.91923  18 0 0.0180915 -0.427389
fishery 1983 9.91923  19 0 0.020285 -0.453077
fishery 1983 9.91923  20 0.00145293 0.0213101 -0.432954
fishery 1983 9.91923  21 0.00145293 0.0216747 -0.437263
fishery 1983 9.91923  22 0.00290586 0.0219688 -0.409499
fishery 1983 9.91923  23 0.00145293 0.0226183 -0.448239
fishery 1983 9.91923  24 0.00726464 0.0242241 -0.347349
fishery 1983 9.91923  25 0.0310997 0.0263035 0.0943708
fishery 1983 9.91923  26 0.0279877 0.0289357 -0.0178072
fishery 1983 9.91923  27 0.0317801 0.0313148 0.0084131
fishery 1983 9.91923  28 0.0239892 0.0334055 -0.165016
fishery 1983 9.91923  29 0.0643948 0.0352635 0.497361
fishery 1983 9.91923  30 0.0869612 0.0378749 0.809753
fishery 1983 9.91923  31 0.0922726 0.0414324 0.803369
fishery 1983 9.91923  32 0.0830949 0.0465036 0.547231
fishery 1983 9.91923  33 0.0509166 0.0519073 -0.0140634
fishery 1983 9.91923  34 0.0462596 0.0567368 -0.142627
fishery 1983 9.91923  35 0.0106611 0.0591748 -0.64751
fishery 1983 9.91923  36 0.0387628 0.0590693 -0.271256
fishery 1983 9.91923  37 0.0403959 0.0564883 -0.219519
fishery 1983 9.91923  38 0.051939 0.0520891 -0.0021268
fishery 1983 9.91923  39 0.304955 0.192143 0.901793
fishery 1984 18.6939  15 0.000322081 0.0154691 -0.530509
fishery 1984 18.6939  16 0 0.0112489 -0.460968
fishery 1984 18.6939  17 0 0.0156884 -0.54568
fishery 1984 18.6939  18 0.00101725 0.0198065 -0.582898
fishery 1984 18.6939  19 0 0.0230207 -0.663552
fishery 1984 18.6939  20 0.000830705 0.0250418 -0.669814
fishery 1984 18.6939  21 0.00254312 0.0259863 -0.636988
fishery 1984 18.6939  22 0.00706973 0.0260946 -0.51589
fishery 1984 18.6939  23 0.00522178 0.0257208 -0.55978
fishery 1984 18.6939  24 0.0139019 0.0257146 -0.322615
fishery 1984 18.6939  25 0.0231752 0.026203 -0.0819374
fishery 1984 18.6939  26 0.0349756 0.0277944 0.188846
fishery 1984 18.6939  27 0.0536591 0.0300904 0.596398
fishery 1984 18.6939  28 0.069562 0.0329113 0.888104
fishery 1984 18.6939  29 0.0858715 0.0355191 1.17607
fishery 1984 18.6939  30 0.107572 0.038333 1.559
fishery 1984 18.6939  31 0.121474 0.0411463 1.74832
fishery 1984 18.6939  32 0.104077 0.0450141 1.23154
fishery 1984 18.6939  33 0.06505 0.0495187 0.309501
fishery 1984 18.6939  34 0.0418399 0.0541602 -0.235334
fishery 1984 18.6939  35 0.0332268 0.0572493 -0.447043
fishery 1984 18.6939  36 0.0320391 0.0580894 -0.481477
fishery 1984 18.6939  37 0.0352934 0.0559435 -0.388474
fishery 1984 18.6939  38 0.0470239 0.0513966 -0.085615
fishery 1984 18.6939  39 0.114254 0.182839 -0.76715
fishery 1987 7.63018  15 0 0.0175626 -0.369222
fishery 1987 7.63018  16 0 0.0118535 -0.302412
fishery 1987 7.63018  17 0.0024157 0.0155669 -0.293361
fishery 1987 7.63018  18 0 0.01829 -0.376935
fishery 1987 7.63018  19 0.0024157 0.0195798 -0.342113
fishery 1987 7.63018  20 0.00483139 0.0197054 -0.295541
fishery 1987 7.63018  21 0 0.0195806 -0.390271
fishery 1987 7.63018  22 0.00724709 0.0201422 -0.253485
fishery 1987 7.63018  23 0.0024157 0.0217359 -0.365901
fishery 1987 7.63018  24 0.00724709 0.0248355 -0.312128
fishery 1987 7.63018  25 0.0217413 0.0285126 -0.112365
fishery 1987 7.63018  26 0.0579767 0.0325386 0.395977
fishery 1987 7.63018  27 0.0966279 0.0359866 0.89922
fishery 1987 7.63018  28 0.117701 0.0386477 1.13274
fishery 1987 7.63018  29 0.101459 0.0407829 0.847302
fishery 1987 7.63018  30 0.0869651 0.0431062 0.596452
fishery 1987 7.63018  31 0.106291 0.0457389 0.800521
fishery 1987 7.63018  32 0.132863 0.0491065 1.07056
fishery 1987 7.63018  33 0.108039 0.0524423 0.688859
fishery 1987 7.63018  34 0.055561 0.055444 0.00141191
fishery 1987 7.63018  35 0.0120785 0.057045 -0.535509
fishery 1987 7.63018  36 0.00724709 0.057145 -0.593748
fishery 1987 7.63018  37 0.00483139 0.0550561 -0.608193
fishery 1987 7.63018  38 0 0.0506053 -0.637678
fishery 1987 7.63018  39 0.0640453 0.16899 -0.773542
fishery 1988 15.6419  15 0 0.00509509 -0.282752
fishery 1988 15.6419  16 0.00140962 0.00470388 -0.190213
fishery 1988 15.6419  17 0.00211443 0.0076811 -0.252013
fishery 1988 15.6419  18 0.00422886 0.0112726 -0.263758
fishery 1988 15.6419  19 0.00507803 0.0151491 -0.325987
fishery 1988 15.6419  20 0.00916253 0.0185947 -0.276072
fishery 1988 15.6419  21 0.0204395 0.0212949 -0.0234289
fishery 1988 15.6419  22 0.0473666 0.0229089 0.646397
fishery 1988 15.6419  23 0.0579038 0.0238739 0.88146
fishery 1988 15.6419  24 0.0398325 0.025136 0.371239
fishery 1988 15.6419  25 0.0356386 0.0272191 0.204601
fishery 1988 15.6419  26 0.0503697 0.0307383 0.449745
fishery 1988 15.6419  27 0.0972153 0.0351708 1.3319
fishery 1988 15.6419  28 0.119804 0.0399954 1.61065
fishery 1988 15.6419  29 0.137232 0.0441563 1.7916
fishery 1988 15.6419  30 0.101724 0.0478118 0.999215
fishery 1988 15.6419  31 0.0812845 0.0507799 0.549464
fishery 1988 15.6419  32 0.0398451 0.0539651 -0.247133
fishery 1988 15.6419  33 0.0262564 0.0568442 -0.522422
fishery 1988 15.6419  34 0.014923 0.0594319 -0.744478
fishery 1988 15.6419  35 0.00576046 0.0605225 -0.908215
fishery 1988 15.6419  36 0.00881107 0.0598942 -0.851348
fishery 1988 15.6419  37 0.0166474 0.0569226 -0.687433
fishery 1988 15.6419  38 0.029854 0.0516808 -0.389898
fishery 1988 15.6419  39 0.0470986 0.169157 -1.28765
fishery 1989 11.0638  15 0 0.00573235 -0.252342
fishery 1989 11.0638  16 0 0.00425637 -0.217215
fishery 1989 11.0638  17 0 0.00611271 -0.260644
fishery 1989 11.0638  18 0 0.00815499 -0.301424
fishery 1989 11.0638  19 0.00121654 0.0105543 -0.303795
fishery 1989 11.0638  20 0 0.0134178 -0.387762
fishery 1989 11.0638  21 0 0.0166758 -0.433031
fishery 1989 11.0638  22 0.00121654 0.0201632 -0.448252
fishery 1989 11.0638  23 0 0.0232602 -0.513189
fishery 1989 11.0638  24 0.00121654 0.0260526 -0.518512
fishery 1989 11.0638  25 0.00608272 0.028332 -0.445959
fishery 1989 11.0638  26 0.00486618 0.0308602 -0.499878
fishery 1989 11.0638  27 0.0121654 0.0342421 -0.403746
fishery 1989 11.0638  28 0.0158151 0.0388942 -0.396998
fishery 1989 11.0638  29 0.0486618 0.0440728 0.0743574
fishery 1989 11.0638  30 0.0510949 0.0498201 0.019487
fishery 1989 11.0638  31 0.0377129 0.0544865 -0.245789
fishery 1989 11.0638  32 0.0352798 0.0585063 -0.329147
fishery 1989 11.0638  33 0.0656934 0.0615025 0.0580182
fishery 1989 11.0638  34 0.0583942 0.0633714 -0.067948
fishery 1989 11.0638  35 0.0693431 0.0636288 0.0778625
fishery 1989 11.0638  36 0.0863747 0.0621293 0.334063
fishery 1989 11.0638  37 0.0888078 0.0581602 0.435522
fishery 1989 11.0638  38 0.113139 0.0521095 0.913298
fishery 1989 11.0638  39 0.30292 0.165504 1.22988
fishery 1991 48.8332  15 0.000263156 0.00537842 -0.488279
fishery 1991 48.8332  16 0.00102277 0.00375658 -0.311868
fishery 1991 48.8332  17 0.000597666 0.00509359 -0.44091
fishery 1991 48.8332  18 0.0015332 0.00627018 -0.419026
fishery 1991 48.8332  19 0.000903206 0.00733439 -0.526346
fishery 1991 48.8332  20 0.00130907 0.0082285 -0.534934
fishery 1991 48.8332  21 0.00114322 0.00945408 -0.599831
fishery 1991 48.8332  22 0.00279774 0.0112685 -0.560553
fishery 1991 48.8332  23 0.00378341 0.0138591 -0.602061
fishery 1991 48.8332  24 0.00581669 0.0178341 -0.634353
fishery 1991 48.8332  25 0.00846544 0.0225726 -0.663544
fishery 1991 48.8332  26 0.0140887 0.0282886 -0.598401
fishery 1991 48.8332  27 0.0222656 0.0342128 -0.459227
fishery 1991 48.8332  28 0.0210334 0.0400252 -0.676979
fishery 1991 48.8332  29 0.0330992 0.0458105 -0.424817
fishery 1991 48.8332  30 0.0365712 0.0522239 -0.49161
fishery 1991 48.8332  31 0.0433834 0.0588273 -0.458623
fishery 1991 48.8332  32 0.0540176 0.0656346 -0.327789
fishery 1991 48.8332  33 0.0760515 0.0709141 0.139854
fishery 1991 48.8332  34 0.100377 0.0738469 0.708854
fishery 1991 48.8332  35 0.118438 0.0731145 1.21656
fishery 1991 48.8332  36 0.116235 0.0693551 1.28938
fishery 1991 48.8332  37 0.0942711 0.0628373 0.90512
fishery 1991 48.8332  38 0.0734714 0.0542804 0.591854
fishery 1991 48.8332  39 0.169062 0.159579 0.180958
fishery 1992 74.3943  15 0.000830069 0.00292421 -0.333939
fishery 1992 74.3943  16 0.000327223 0.00236399 -0.360984
fishery 1992 74.3943  17 0.000253685 0.0035954 -0.480891
fishery 1992 74.3943  18 0.000382362 0.00497146 -0.562216
fishery 1992 74.3943  19 0.000246018 0.00638009 -0.663983
fishery 1992 74.3943  20 0.000496151 0.00768991 -0.709841
fishery 1992 74.3943  21 0.000861184 0.00901694 -0.74376
fishery 1992 74.3943  22 0.00138405 0.0103596 -0.764209
fishery 1992 74.3943  23 0.00259067 0.0119301 -0.741642
fishery 1992 74.3943  24 0.00470075 0.0143411 -0.699133
fishery 1992 74.3943  25 0.0101808 0.017904 -0.502219
fishery 1992 74.3943  26 0.0198451 0.0230051 -0.181761
fishery 1992 74.3943  27 0.0294326 0.0296015 -0.0085965
fishery 1992 74.3943  28 0.0342434 0.037224 -0.135782
fishery 1992 74.3943  29 0.0438262 0.0450535 -0.0510276
fishery 1992 74.3943  30 0.0599552 0.0532084 0.259244
fishery 1992 74.3943  31 0.0942692 0.0609059 1.20315
fishery 1992 74.3943  32 0.111228 0.0685499 1.45666
fishery 1992 74.3943  33 0.103375 0.0750233 0.928238
fishery 1992 74.3943  34 0.0886363 0.0789592 0.309491
fishery 1992 74.3943  35 0.0761464 0.0789526 -0.0897524
fishery 1992 74.3943  36 0.0694392 0.0749427 -0.180276
fishery 1992 74.3943  37 0.0647903 0.0670977 -0.0795398
fishery 1992 74.3943  38 0.0526737 0.0569463 -0.159011
fishery 1992 74.3943  39 0.129887 0.159053 -0.687832
fishery 1993 71.3422  15 5.85693e-005 0.00147236 -0.310387
fishery 1993 71.3422  16 3.90462e-005 0.00125789 -0.289305
fishery 1993 71.3422  17 0.000136662 0.00199571 -0.350966
fishery 1993 71.3422  18 0.000276372 0.00292961 -0.413946
fishery 1993 71.3422  19 0.000310637 0.00415597 -0.504261
fishery 1993 71.3422  20 0.00091188 0.00560737 -0.530653
fishery 1993 71.3422  21 0.00169217 0.00727196 -0.554311
fishery 1993 71.3422  22 0.00304387 0.00904693 -0.535218
fishery 1993 71.3422  23 0.00582434 0.0109206 -0.413988
fishery 1993 71.3422  24 0.00791071 0.0131796 -0.390085
fishery 1993 71.3422  25 0.0117213 0.015798 -0.276058
fishery 1993 71.3422  26 0.0137517 0.0195389 -0.353077
fishery 1993 71.3422  27 0.022326 0.0249628 -0.142727
fishery 1993 71.3422  28 0.040583 0.0325076 0.384555
fishery 1993 71.3422  29 0.0623293 0.0413802 0.888322
fishery 1993 71.3422  30 0.0722077 0.0518222 0.776696
fishery 1993 71.3422  31 0.0844034 0.0619328 0.787371
fishery 1993 71.3422  32 0.101935 0.0715497 0.995691
fishery 1993 71.3422  33 0.110941 0.0792107 0.99233
fishery 1993 71.3422  34 0.103675 0.0842085 0.592044
fishery 1993 71.3422  35 0.0883833 0.0847992 0.108662
fishery 1993 71.3422  36 0.0737728 0.0808097 -0.21807
fishery 1993 71.3422  37 0.0577862 0.0721986 -0.470318
fishery 1993 71.3422  38 0.0438843 0.0606559 -0.593425
fishery 1993 71.3422  39 0.0920956 0.160787 -1.57944
fishery 1994 45.3996  15 0 0.000632979 -0.16825
fishery 1994 45.3996  16 0 0.000557752 -0.157765
fishery 1994 45.3996  17 0 0.000945608 -0.206208
fishery 1994 45.3996  18 0 0.00147604 -0.258186
fishery 1994 45.3996  19 0.00030373 0.0022312 -0.274638
fishery 1994 45.3996  20 0.000217137 0.00326622 -0.359518
fishery 1994 45.3996  21 0.000144016 0.00469627 -0.448165
fishery 1994 45.3996  22 0.00117106 0.00655322 -0.449111
fishery 1994 45.3996  23 0.00134333 0.00873464 -0.534913
fishery 1994 45.3996  24 0.0037834 0.0114343 -0.484667
fishery 1994 45.3996  25 0.00810079 0.0142533 -0.349615
fishery 1994 45.3996  26 0.0151626 0.0176595 -0.1277
fishery 1994 45.3996  27 0.0245438 0.0222333 0.105565
fishery 1994 45.3996  28 0.0359373 0.0284872 0.301694
fishery 1994 45.3996  29 0.041548 0.0368467 0.168129
fishery 1994 45.3996  30 0.0629102 0.0478918 0.473841
fishery 1994 45.3996  31 0.0872537 0.0600216 0.772433
fishery 1994 45.3996  32 0.101036 0.0724393 0.743289
fishery 1994 45.3996  33 0.108078 0.0828726 0.616
fishery 1994 45.3996  34 0.104799 0.0896029 0.358471
fishery 1994 45.3996  35 0.0963879 0.0909862 0.126552
fishery 1994 45.3996  36 0.0765971 0.0871911 -0.25301
fishery 1994 45.3996  37 0.0659677 0.0780559 -0.303603
fishery 1994 45.3996  38 0.0509567 0.0653643 -0.39273
fishery 1994 45.3996  39 0.113758 0.165566 -0.939139
fishery 1995 41.203  15 0.000365757 0.000637264 -0.0685245
fishery 1995 41.203  16 0.000146303 0.000480978 -0.0969758
fishery 1995 41.203  17 0.000219454 0.000717481 -0.118567
fishery 1995 41.203  18 0.000939261 0.00099306 -0.0109093
fishery 1995 41.203  19 0.00149151 0.00139251 0.0169812
fishery 1995 41.203  20 0.00137817 0.00189632 -0.0762498
fishery 1995 41.203  21 0.00123586 0.00273185 -0.18364
fishery 1995 41.203  22 0.00297207 0.003986 -0.103164
fishery 1995 41.203  23 0.00584196 0.00577719 0.00548098
fishery 1995 41.203  24 0.00518887 0.00834652 -0.222658
fishery 1995 41.203  25 0.00480634 0.0114407 -0.400266
fishery 1995 41.203  26 0.0052502 0.0154781 -0.531667
fishery 1995 41.203  27 0.0113056 0.0200511 -0.400381
fishery 1995 41.203  28 0.0164272 0.0258471 -0.380987
fishery 1995 41.203  29 0.0273414 0.033283 -0.212592
fishery 1995 41.203  30 0.0313924 0.0435573 -0.382532
fishery 1995 41.203  31 0.0547641 0.0561207 -0.0378311
fishery 1995 41.203  32 0.0822771 0.0703835 0.298444
fishery 1995 41.203  33 0.121525 0.0836056 0.87932
fishery 1995 41.203  34 0.150882 0.0934834 1.26559
fishery 1995 41.203  35 0.130012 0.0971459 0.712307
fishery 1995 41.203  36 0.113023 0.0941243 0.415412
fishery 1995 41.203  37 0.0793157 0.0846634 -0.123302
fishery 1995 41.203  38 0.0532351 0.0707481 -0.438401
fishery 1995 41.203  39 0.0986639 0.173109 -1.263
fishery 1996 48.4516  15 5.70909e-005 0.000499693 -0.136497
fishery 1996 48.4516  16 0 0.000389327 -0.135641
fishery 1996 48.4516  17 0 0.00058455 -0.166921
fishery 1996 48.4516  18 0.000441992 0.000804288 -0.0884109
fishery 1996 48.4516  19 0.000384901 0.00107207 -0.145488
fishery 1996 48.4516  20 0.000353884 0.00136376 -0.189787
fishery 1996 48.4516  21 0.000301083 0.00184634 -0.249879
fishery 1996 48.4516  22 0.000517137 0.00255915 -0.280787
fishery 1996 48.4516  23 0.000707013 0.00363497 -0.338193
fishery 1996 48.4516  24 0.0010841 0.00547083 -0.413586
fishery 1996 48.4516  25 0.0010961 0.0080876 -0.543015
fishery 1996 48.4516  26 0.00273138 0.0117441 -0.582079
fishery 1996 48.4516  27 0.00752667 0.016878 -0.505167
fishery 1996 48.4516  28 0.0144915 0.0230149 -0.39557
fishery 1996 48.4516  29 0.022867 0.0305407 -0.310373
fishery 1996 48.4516  30 0.036148 0.0403509 -0.148652
fishery 1996 48.4516  31 0.0479392 0.0522962 -0.136218
fishery 1996 48.4516  32 0.0693673 0.0669334 0.0677869
fishery 1996 48.4516  33 0.0939053 0.0820885 0.299632
fishery 1996 48.4516  34 0.111076 0.0950125 0.381292
fishery 1996 48.4516  35 0.11211 0.101697 0.2398
fishery 1996 48.4516  36 0.106855 0.1007 0.142352
fishery 1996 48.4516  37 0.10164 0.0916426 0.241171
fishery 1996 48.4516  38 0.0884634 0.0769213 0.301486
fishery 1996 48.4516  39 0.179937 0.183867 -0.0706251
fishery 1997 39.2954  15 0 0.00121541 -0.217781
fishery 1997 39.2954  16 0 0.000847151 -0.181464
fishery 1997 39.2954  17 0 0.0011456 -0.211374
fishery 1997 39.2954  18 0 0.00140051 -0.233924
fishery 1997 39.2954  19 0 0.00159612 -0.24986
fishery 1997 39.2954  20 0 0.00173101 -0.260285
fishery 1997 39.2954  21 0 0.00190913 -0.273446
fishery 1997 39.2954  22 0 0.00218264 -0.292513
fishery 1997 39.2954  23 0 0.00270434 -0.32583
fishery 1997 39.2954  24 0 0.0037634 -0.384774
fishery 1997 39.2954  25 0.00010333 0.00544314 -0.454528
fishery 1997 39.2954  26 0.000664947 0.00828001 -0.526471
fishery 1997 39.2954  27 0.00215091 0.0124719 -0.582746
fishery 1997 39.2954  28 0.00569553 0.0187208 -0.602262
fishery 1997 39.2954  29 0.0107246 0.0264326 -0.613702
fishery 1997 39.2954  30 0.0245752 0.0368048 -0.407117
fishery 1997 39.2954  31 0.0554073 0.0489118 0.188766
fishery 1997 39.2954  32 0.0879574 0.0635233 0.627944
fishery 1997 39.2954  33 0.120492 0.0793686 0.953612
fishery 1997 39.2954  34 0.122113 0.0938879 0.606591
fishery 1997 39.2954  35 0.126801 0.103594 0.477358
fishery 1997 39.2954  36 0.111007 0.10539 0.114681
fishery 1997 39.2954  37 0.0925799 0.0979635 -0.113523
fishery 1997 39.2954  38 0.0726534 0.0834629 -0.24498
fishery 1997 39.2954  39 0.167074 0.19725 -0.475363
fishery 1999 24.4166  15 0.000225258 0.0017807 -0.181792
fishery 1999 24.4166  16 0.000268028 0.00127877 -0.139212
fishery 1999 24.4166  17 0 0.00177306 -0.207668
fishery 1999 24.4166  18 0.000675774 0.0022387 -0.163044
fishery 1999 24.4166  19 0.000971869 0.00264596 -0.160727
fishery 1999 24.4166  20 0 0.00299217 -0.270249
fishery 1999 24.4166  21 0.000703842 0.00330035 -0.223365
fishery 1999 24.4166  22 0.00280262 0.00359552 -0.065367
fishery 1999 24.4166  23 0.00177462 0.00387251 -0.166692
fishery 1999 24.4166  24 0.00429451 0.00425731 0.0028199
fishery 1999 24.4166  25 0.00605576 0.00466817 0.100481
fishery 1999 24.4166  26 0.00602903 0.00565815 0.0244109
fishery 1999 24.4166  27 0.00515544 0.00736176 -0.127448
fishery 1999 24.4166  28 0.00426911 0.0106678 -0.307627
fishery 1999 24.4166  29 0.0125908 0.0163296 -0.145724
fishery 1999 24.4166  30 0.0126911 0.0256374 -0.404679
fishery 1999 24.4166  31 0.0263371 0.0382346 -0.306535
fishery 1999 24.4166  32 0.0489048 0.0542663 -0.116933
fishery 1999 24.4166  33 0.0754078 0.0722692 0.0598907
fishery 1999 24.4166  34 0.0980775 0.0899365 0.140603
fishery 1999 24.4166  35 0.124316 0.103561 0.336585
fishery 1999 24.4166  36 0.132689 0.110136 0.355977
fishery 1999 24.4166  37 0.127575 0.107073 0.327619
fishery 1999 24.4166  38 0.101532 0.0949258 0.111369
fishery 1999 24.4166  39 0.206653 0.231541 -0.291542
fishery 2010 33.9543  15 0.00015898 0.000753038 -0.125363
fishery 2010 33.9543  16 0 0.000608297 -0.142593
fishery 2010 33.9543  17 0 0.000942024 -0.177989
fishery 2010 33.9543  18 0 0.00135273 -0.213673
fishery 2010 33.9543  19 0.000317537 0.00187306 -0.209075
fishery 2010 33.9543  20 0.000688496 0.00252031 -0.212467
fishery 2010 33.9543  21 0.000696614 0.0032996 -0.26409
fishery 2010 33.9543  22 0.00139835 0.00419323 -0.251729
fishery 2010 33.9543  23 0.00157314 0.00509997 -0.288227
fishery 2010 33.9543  24 0.00323987 0.00611884 -0.214946
fishery 2010 33.9543  25 0.0033822 0.00705965 -0.255762
fishery 2010 33.9543  26 0.00314718 0.00830933 -0.331168
fishery 2010 33.9543  27 0.00495281 0.010409 -0.31311
fishery 2010 33.9543  28 0.00418998 0.0137362 -0.477742
fishery 2010 33.9543  29 0.0060922 0.0189721 -0.549984
fishery 2010 33.9543  30 0.0097604 0.0270618 -0.621196
fishery 2010 33.9543  31 0.0217127 0.0373329 -0.480056
fishery 2010 33.9543  32 0.0416476 0.0500663 -0.224922
fishery 2010 33.9543  33 0.0677162 0.0637911 0.0935834
fishery 2010 33.9543  34 0.0883412 0.0773671 0.239331
fishery 2010 33.9543  35 0.0974371 0.0880376 0.193287
fishery 2010 33.9543  36 0.100329 0.0944545 0.117045
fishery 2010 33.9543  37 0.0958761 0.0946905 0.0235935
fishery 2010 33.9543  38 0.0912698 0.088722 0.0522087
fishery 2010 33.9543  39 0.356072 0.293229 0.804379
fishery 2012 44.6366  15 0 0.000942783 -0.204158
fishery 2012 44.6366  16 0.000190217 0.000822242 -0.146432
fishery 2012 44.6366  17 8.82823e-005 0.00130887 -0.224698
fishery 2012 44.6366  18 0.000359955 0.00188927 -0.234673
fishery 2012 44.6366  19 0.000977932 0.00254981 -0.207834
fishery 2012 44.6366  20 0.00108669 0.00318965 -0.248783
fishery 2012 44.6366  21 0.00326925 0.00385698 -0.0632677
fishery 2012 44.6366  22 0.00245792 0.00453267 -0.206131
fishery 2012 44.6366  23 0.00114767 0.00530362 -0.381924
fishery 2012 44.6366  24 0.00182049 0.00643031 -0.385017
fishery 2012 44.6366  25 0.00232433 0.00790364 -0.420691
fishery 2012 44.6366  26 0.00402679 0.00983211 -0.392894
fishery 2012 44.6366  27 0.00612208 0.0123374 -0.376026
fishery 2012 44.6366  28 0.00801182 0.0151803 -0.391573
fishery 2012 44.6366  29 0.00803332 0.0186377 -0.523729
fishery 2012 44.6366  30 0.012333 0.0239514 -0.507579
fishery 2012 44.6366  31 0.0198201 0.0314932 -0.446481
fishery 2012 44.6366  32 0.0270272 0.0428473 -0.521862
fishery 2012 44.6366  33 0.0439705 0.057053 -0.376807
fishery 2012 44.6366  34 0.0614618 0.0729189 -0.294385
fishery 2012 44.6366  35 0.082956 0.0868056 -0.0913454
fishery 2012 44.6366  36 0.0961826 0.0959808 0.00457477
fishery 2012 44.6366  37 0.11143 0.097982 0.302196
fishery 2012 44.6366  38 0.10503 0.0926483 0.285293
fishery 2012 44.6366  39 0.399873 0.303602 1.3988
fishery 2014 48.4516  15 0.000278317 0.00139296 -0.207287
fishery 2014 48.4516  16 0.000127173 0.00100483 -0.191868
fishery 2014 48.4516  17 0.000413056 0.00142555 -0.186144
fishery 2014 48.4516  18 0.000502229 0.00184984 -0.217713
fishery 2014 48.4516  19 0.000453859 0.00228033 -0.26596
fishery 2014 48.4516  20 0.000571808 0.00275537 -0.28943
fishery 2014 48.4516  21 0.000941782 0.00339479 -0.293122
fishery 2014 48.4516  22 0.00109572 0.00428911 -0.339744
fishery 2014 48.4516  23 0.00170391 0.00547296 -0.355281
fishery 2014 48.4516  24 0.00190386 0.00704222 -0.427418
fishery 2014 48.4516  25 0.00253856 0.00879373 -0.466101
fishery 2014 48.4516  26 0.004953 0.0108667 -0.39686
fishery 2014 48.4516  27 0.00642781 0.0134845 -0.425721
fishery 2014 48.4516  28 0.00761457 0.0168522 -0.499404
fishery 2014 48.4516  29 0.00974162 0.0209252 -0.543741
fishery 2014 48.4516  30 0.0138443 0.0264971 -0.548267
fishery 2014 48.4516  31 0.0253547 0.0330605 -0.299955
fishery 2014 48.4516  32 0.0367856 0.0418627 -0.176439
fishery 2014 48.4516  33 0.0513723 0.0526402 -0.0395156
fishery 2014 48.4516  34 0.0710204 0.0661219 0.137204
fishery 2014 48.4516  35 0.0923008 0.0796642 0.32483
fishery 2014 48.4516  36 0.10138 0.0909034 0.25366
fishery 2014 48.4516  37 0.116904 0.0961283 0.490584
fishery 2014 48.4516  38 0.115317 0.0937161 0.515906
fishery 2014 48.4516  39 0.336453 0.317575 0.282264
fishery 2016 48.0701  15 0.000185918 0.00126583 -0.209753
fishery 2016 48.0701  16 6.88682e-005 0.00100548 -0.203883
fishery 2016 48.0701  17 5.73891e-005 0.00151329 -0.258827
fishery 2016 48.0701  18 0.000137736 0.00209148 -0.295801
fishery 2016 48.0701  19 0.000197398 0.00273778 -0.336467
fishery 2016 48.0701  20 0.000128529 0.00341795 -0.390198
fishery 2016 48.0701  21 0.000802553 0.00416488 -0.361546
fishery 2016 48.0701  22 0.0015035 0.00495134 -0.340225
fishery 2016 48.0701  23 0.00204057 0.00578589 -0.342081
fishery 2016 48.0701  24 0.00185907 0.00690296 -0.422064
fishery 2016 48.0701  25 0.00214283 0.00837879 -0.474046
fishery 2016 48.0701  26 0.00248593 0.0105598 -0.547385
fishery 2016 48.0701  27 0.00370237 0.0135546 -0.59052
fishery 2016 48.0701  28 0.00851756 0.0174246 -0.47183
fishery 2016 48.0701  29 0.0144305 0.0221853 -0.364967
fishery 2016 48.0701  30 0.0239415 0.0283316 -0.183417
fishery 2016 48.0701  31 0.0389878 0.0354279 0.133498
fishery 2016 48.0701  32 0.0528706 0.0444432 0.283501
fishery 2016 48.0701  33 0.0658765 0.0544977 0.347518
fishery 2016 48.0701  34 0.0771534 0.0656875 0.320869
fishery 2016 48.0701  35 0.0949384 0.0766266 0.477271
fishery 2016 48.0701  36 0.10355 0.0857268 0.441369
fishery 2016 48.0701  37 0.101453 0.0906933 0.259751
fishery 2016 48.0701  38 0.093474 0.0898693 0.0873824
fishery 2016 48.0701  39 0.309494 0.322756 -0.196662
fishery 2018 59.8969  15 0.00071492 0.0014425 -0.147856
fishery 2018 59.8969  16 0.00031379 0.00118949 -0.195803
fishery 2018 59.8969  17 3.56862e-005 0.00183627 -0.324616
fishery 2018 59.8969  18 0.000142745 0.00258511 -0.371535
fishery 2018 59.8969  19 0.000271553 0.00341891 -0.416693
fishery 2018 59.8969  20 0.000578128 0.00425511 -0.436673
fishery 2018 59.8969  21 0.00075127 0.00512579 -0.473638
fishery 2018 59.8969  22 0.00189404 0.00602356 -0.412695
fishery 2018 59.8969  23 0.00387874 0.00698754 -0.288634
fishery 2018 59.8969  24 0.00503977 0.00824502 -0.274161
fishery 2018 59.8969  25 0.00422428 0.0096412 -0.428815
fishery 2018 59.8969  26 0.00385704 0.0114824 -0.553692
fishery 2018 59.8969  27 0.0057182 0.013877 -0.539588
fishery 2018 59.8969  28 0.00854232 0.0171335 -0.512226
fishery 2018 59.8969  29 0.0126601 0.0213931 -0.467006
fishery 2018 59.8969  30 0.0174994 0.0276412 -0.478682
fishery 2018 59.8969  31 0.0287359 0.0352202 -0.272202
fishery 2018 59.8969  32 0.0531651 0.0448176 0.312206
fishery 2018 59.8969  33 0.0780935 0.0554293 0.766511
fishery 2018 59.8969  34 0.092052 0.0666209 0.789229
fishery 2018 59.8969  35 0.0983251 0.0767166 0.628332
fishery 2018 59.8969  36 0.100958 0.0844552 0.459286
fishery 2018 59.8969  37 0.105845 0.0879992 0.487494
fishery 2018 59.8969  38 0.092117 0.086561 0.152911
fishery 2018 59.8969  39 0.284587 0.319902 -0.585962
fishery 2022 59.8969  15 0.000389897 0.00227964 -0.305999
fishery 2022 59.8969  16 0.000164296 0.00157346 -0.274287
fishery 2022 59.8969  17 0.00046437 0.00213854 -0.279832
fishery 2022 59.8969  18 0.000784089 0.00263309 -0.278714
fishery 2022 59.8969  19 0.00105746 0.0030392 -0.278176
fishery 2022 59.8969  20 0.00118816 0.00342347 -0.295746
fishery 2022 59.8969  21 0.0019751 0.00402375 -0.250146
fishery 2022 59.8969  22 0.00384391 0.00501011 -0.127707
fishery 2022 59.8969  23 0.00329366 0.00646322 -0.30588
fishery 2022 59.8969  24 0.00424348 0.0085654 -0.362763
fishery 2022 59.8969  25 0.00586466 0.0111076 -0.386989
fishery 2022 59.8969  26 0.00793777 0.0141463 -0.406738
fishery 2022 59.8969  27 0.0112074 0.0176113 -0.376693
fishery 2022 59.8969  28 0.0165241 0.0215443 -0.26754
fishery 2022 59.8969  29 0.0189001 0.0258194 -0.337591
fishery 2022 59.8969  30 0.0225843 0.0312099 -0.383851
fishery 2022 59.8969  31 0.0329149 0.0372611 -0.177572
fishery 2022 59.8969  32 0.0458166 0.0447868 0.0385285
fishery 2022 59.8969  33 0.0573998 0.0534732 0.135065
fishery 2022 59.8969  34 0.0671253 0.0632949 0.121737
fishery 2022 59.8969  35 0.0831876 0.0727872 0.309819
fishery 2022 59.8969  36 0.0952859 0.0807015 0.414378
fishery 2022 59.8969  37 0.0988313 0.084678 0.393427
fishery 2022 59.8969  38 0.0954896 0.0836334 0.331436
fishery 2022 59.8969  39 0.323526 0.318795 0.0785743
