BSAI_pop
0 # SSL Species???
0 # Constant buffer of Dorn
1 # Number of fsheries
1 # Number of sexes??
0.0560686 #  average 5 yr f 
1 # author f
0.4 # ABC SPR
0.35 # MSY SPR
4 # Spawnmo
38 # Number of ages
1 # Fratio
 # Natural mortality 
 0.0505762 0.0505762 0.0505762 0.0505762 0.0505762 0.0505762 0.0505762 0.0505762 0.0505762 0.0505762 0.0505762 0.0505762 0.0505762 0.0505762 0.0505762 0.0505762 0.0505762 0.0505762 0.0505762 0.0505762 0.0505762 0.0505762 0.0505762 0.0505762 0.0505762 0.0505762 0.0505762 0.0505762 0.0505762 0.0505762 0.0505762 0.0505762 0.0505762 0.0505762 0.0505762 0.0505762 0.0505762 0.0505762
 # Maturity 
 0.011765 0.0240383 0.0484869 0.0953715 0.17906 0.310944 0.482833 0.658883 0.799847 0.892098 0.944766 0.972519 0.986526 0.993442 0.996819 0.99846 0.999255 0.99964 0.999826 0.999916 0.999959 0.99998 0.99999 0.999995 0.999998 0.999999 0.999999 1 1 1 1 1 1 1 1 1 1 1
 # Wt Spawn 
 94 146 203 265 327 389 448 505 558 607 653 694 731 765 795 822 846 868 887 904 919 932 944 954 963 971 977 983 988 992 996 999 1002 1004 1005 1007 1008 1013
 # Wt Fish 
 94 146 203 265 327 389 448 505 558 607 653 694 731 765 795 822 846 868 887 904 919 932 944 954 963 971 977 983 988 992 996 999 1002 1004 1005 1007 1008 1013
 # selectivity 
 0.133781 0.176177 0.230966 0.299974 0.384101 0.482523 0.591806 0.705188 0.812395 0.900402 0.956224 0.976536 0.966222 0.93325 0.886601 0.834731 0.784755 0.742295 0.711802 0.697051 0.698261 0.712669 0.737968 0.772018 0.812489 0.856577 0.900804 0.940945 0.97214 0.991002 0.997904 0.994114 0.981258 0.961161 0.935709 0.906743 0.875979 0.84496
 # natage 
 98.9001 93.2609 87.8313 28.5215 26.8064 117.661 51.2983 103.347 51.7236 65.2832 66.175 35.7737 30.2468 85.1998 28.5284 29.9989 53.9714 41.2567 11.1096 25.1815 9.07099 62.1614 12.0522 35.3029 8.24435 35.1615 14.6538 17.9277 5.1099 5.66175 3.38064 6.4562 9.83525 17.3231 4.45661 9.56301 3.46376 50.2166
 # Nrec 
42
 # rec 
 49.9497 30.6182 58.6417 105.468 124.836 74.5242 57.6738 313.057 58.9271 149.196 63.7575 226.812 118.337 71.3683 34.3516 52.9666 44.0698 142.745 107.964 240.262 52.3483 208.704 66.4197 319.481 43.4617 112.375 46.0943 158.722 191.887 98.2255 85.7156 234.06 75.7552 81.5784 137.391 123.664 89.7402 165.016 75.7586 161.474 34.306 34.1771
 # ssb 
 84759.6 81919.7 80503.8 79891.8 80304 81340.7 83871.1 87116.3 91238.2 96618.1 103167 111023 120652 130728 140044 154169 168250 182894 199153 214841 228683 242149 253954 262117 269346 276066 283167 291883 304241 318638 332525 345167 358260 370549 379183 383819 386983 387803 388619 389711 390391 389792
