 index year n comp_unit obs pred pearson
AI_survey 1991 167.336  3 0.0267643 0.0187139 0.768274
AI_survey 1991 167.336  4 0.0235792 0.0153167 0.870041
AI_survey 1991 167.336  5 0.0458671 0.0398255 0.399618
AI_survey 1991 167.336  6 0.0500069 0.0637248 -0.72643
AI_survey 1991 167.336  7 0.209272 0.157745 1.82857
AI_survey 1991 167.336  8 0.0946267 0.0832173 0.534309
AI_survey 1991 167.336  9 0.0755436 0.0757716 -0.011145
AI_survey 1991 167.336  10 0.111214 0.0986742 0.543912
AI_survey 1991 167.336  11 0.0472233 0.0852006 -1.75959
AI_survey 1991 167.336  12 0.0558384 0.0535614 0.130813
AI_survey 1991 167.336  13 0.0411151 0.0345811 0.462528
AI_survey 1991 167.336  14 0.0367047 0.0321028 0.337657
AI_survey 1991 167.336  15 0.0134379 0.0288883 -1.19307
AI_survey 1991 167.336  16 0.00214396 0.0201091 -1.65514
AI_survey 1991 167.336  17 0.00237372 0.0144309 -1.30738
AI_survey 1991 167.336  18 0.00260942 0.0135827 -1.22589
AI_survey 1991 167.336  19 0.00281155 0.0142143 -1.24566
AI_survey 1991 167.336  20 0.00321176 0.0136973 -1.16656
AI_survey 1991 167.336  21 0.00143772 0.01163 -1.22923
AI_survey 1991 167.336  22 0 0.00892384 -1.22681
AI_survey 1991 167.336  23 0.00251528 0.00664482 -0.65702
AI_survey 1991 167.336  24 0.00681028 0.00527203 0.274517
AI_survey 1991 167.336  25 0.00387777 0.00449445 -0.119129
AI_survey 1991 167.336  26 0 0.00415104 -0.834173
AI_survey 1991 167.336  27 0.0045178 0.00448238 0.00685148
AI_survey 1991 167.336  28 0.00207745 0.00532309 -0.576458
AI_survey 1991 167.336  29 0.00308604 0.00578631 -0.460138
AI_survey 1991 167.336  30 0 0.00514082 -0.928989
AI_survey 1991 167.336  31 0.00398628 0.00369545 0.0619185
AI_survey 1991 167.336  32 0.00496519 0.00234163 0.700666
AI_survey 1991 167.336  33 0.00150405 0.00154654 -0.0139396
AI_survey 1991 167.336  34 0.00218975 0.00116439 0.387273
AI_survey 1991 167.336  35 0 0.000910037 -0.388285
AI_survey 1991 167.336  36 0.00110536 0.000679471 0.209887
AI_survey 1991 167.336  37 0.00254308 0.000491873 1.18472
AI_survey 1991 167.336  38 0.00281155 0.000457233 1.40927
AI_survey 1991 167.336  39 0.00103872 0.000645917 0.198469
AI_survey 1991 167.336  40 0.11119 0.0628606 2.57563
AI_survey 1994 151.648  3 0.00264887 0.00317007 -0.113998
AI_survey 1994 151.648  4 0.00919764 0.0117674 -0.293333
AI_survey 1994 151.648  5 0.0293964 0.0371495 -0.504758
AI_survey 1994 151.648  6 0.0622371 0.075533 -0.619577
AI_survey 1994 151.648  7 0.0822603 0.0581663 1.26757
AI_survey 1994 151.648  8 0.099726 0.0824827 0.771839
AI_survey 1994 151.648  9 0.0995231 0.0971486 0.0987292
AI_survey 1994 151.648  10 0.165697 0.146492 0.668842
AI_survey 1994 151.648  11 0.0605127 0.0866435 -1.14383
AI_survey 1994 151.648  12 0.0744278 0.0567395 0.941477
AI_survey 1994 151.648  13 0.0601839 0.062369 -0.111268
AI_survey 1994 151.648  14 0.0295026 0.0527207 -1.27931
AI_survey 1994 151.648  15 0.0339615 0.0339872 -0.0017502
AI_survey 1994 151.648  16 0.0381025 0.022195 1.32945
AI_survey 1994 151.648  17 0.0254175 0.0191139 0.566781
AI_survey 1994 151.648  18 0.0185436 0.0168401 0.162985
AI_survey 1994 151.648  19 0.00444551 0.0124796 -0.890864
AI_survey 1994 151.648  20 0.00977925 0.00932684 0.0579276
AI_survey 1994 151.648  21 0.00444129 0.00861512 -0.555843
AI_survey 1994 151.648  22 0.00293109 0.00882639 -0.775737
AI_survey 1994 151.648  23 0.00620716 0.00851663 -0.309317
AI_survey 1994 151.648  24 0.00256362 0.00734564 -0.689165
AI_survey 1994 151.648  25 0.00215006 0.00577743 -0.588883
AI_survey 1994 151.648  26 0.00489018 0.00439563 0.091957
AI_survey 1994 151.648  27 0.00488993 0.00348866 0.292248
AI_survey 1994 151.648  28 0.00339267 0.00298107 0.0928166
AI_survey 1994 151.648  29 0.00495826 0.00280087 0.501808
AI_survey 1994 151.648  30 0.00121133 0.00299137 -0.40072
AI_survey 1994 151.648  31 0.00198121 0.00340008 -0.299725
AI_survey 1994 151.648  32 0.00254663 0.00358869 -0.214301
AI_survey 1994 151.648  33 0.00320655 0.00321812 -0.00251254
AI_survey 1994 151.648  34 0.000683161 0.00242047 -0.43449
AI_survey 1994 151.648  35 0.000966931 0.00161655 -0.198516
AI_survey 1994 151.648  36 0.00193512 0.0010851 0.31649
AI_survey 1994 151.648  37 0.00115138 0.000798359 0.152965
AI_survey 1994 151.648  38 0.00201756 0.000671669 0.635025
AI_survey 1994 151.648  39 0.000631028 0.000676471 -0.0213659
AI_survey 1994 151.648  40 0.0416812 0.0424609 -0.0476136
AI_survey 1997 183.024  3 0.0200808 0.00915609 1.55086
AI_survey 1997 183.024  4 0.0105349 0.00669281 0.637013
AI_survey 1997 183.024  5 0.0141637 0.0119016 0.282081
AI_survey 1997 183.024  6 0.0281022 0.0177653 1.05835
AI_survey 1997 183.024  7 0.0478035 0.0433735 0.294187
AI_survey 1997 183.024  8 0.0952138 0.0877312 0.357802
AI_survey 1997 183.024  9 0.139196 0.118445 0.868766
AI_survey 1997 183.024  10 0.116381 0.0817488 1.70996
AI_survey 1997 183.024  11 0.118905 0.0771644 2.116
AI_survey 1997 183.024  12 0.0646075 0.0854789 -1.00985
AI_survey 1997 183.024  13 0.0896336 0.101471 -0.530335
AI_survey 1997 183.024  14 0.035363 0.0687478 -1.78489
AI_survey 1997 183.024  15 0.0271009 0.0434809 -1.08648
AI_survey 1997 183.024  16 0.0213526 0.0421426 -1.39974
AI_survey 1997 183.024  17 0.0277823 0.0358838 -0.589181
AI_survey 1997 183.024  18 0.0125296 0.0244265 -1.04241
AI_survey 1997 183.024  19 0.00935576 0.0165038 -0.758808
AI_survey 1997 183.024  20 0.0163271 0.013599 0.318545
AI_survey 1997 183.024  21 0.0129195 0.0117696 0.144196
AI_survey 1997 183.024  22 0.00763803 0.00914278 -0.213765
AI_survey 1997 183.024  23 0.0047469 0.00709577 -0.378317
AI_survey 1997 183.024  24 0.00222508 0.00643391 -0.711614
AI_survey 1997 183.024  25 0.00158541 0.00642029 -0.818325
AI_survey 1997 183.024  26 0.0078552 0.00615406 0.294037
AI_survey 1997 183.024  27 0.00433992 0.00536587 -0.189813
AI_survey 1997 183.024  28 0.00117309 0.00430233 -0.646062
AI_survey 1997 183.024  29 0.00314951 0.00332961 -0.042231
AI_survey 1997 183.024  30 0.00285205 0.00265332 0.0521668
AI_survey 1997 183.024  31 0.00480853 0.00227322 0.718634
AI_survey 1997 183.024  32 0.00522099 0.00215084 0.894483
AI_survey 1997 183.024  33 0.000626804 0.00226346 -0.464903
AI_survey 1997 183.024  34 0.00169868 0.00248334 -0.212857
AI_survey 1997 183.024  35 0.000546288 0.00256047 -0.538152
AI_survey 1997 183.024  36 0.00210081 0.00231699 -0.0606981
AI_survey 1997 183.024  37 0.00327572 0.0018125 0.464113
AI_survey 1997 183.024  38 0.00114594 0.00131321 -0.0622526
AI_survey 1997 183.024  39 0 0.00103041 -0.432402
AI_survey 1997 183.024  40 0.0376585 0.0334155 0.31935
AI_survey 2000 183.024  3 0.0173721 0.00596157 2.00361
AI_survey 2000 183.024  4 0.0495964 0.0273811 1.84134
AI_survey 2000 183.024  5 0.0473867 0.0293814 1.44219
AI_survey 2000 183.024  6 0.0635768 0.0445976 1.24376
AI_survey 2000 183.024  7 0.0276385 0.0299704 -0.184995
AI_survey 2000 183.024  8 0.0504418 0.030612 1.55708
AI_survey 2000 183.024  9 0.0274793 0.0329979 -0.417893
AI_survey 2000 183.024  10 0.0680719 0.0542812 0.823368
AI_survey 2000 183.024  11 0.0787976 0.0869962 -0.393536
AI_survey 2000 183.024  12 0.135666 0.100273 1.59402
AI_survey 2000 183.024  13 0.0516208 0.0737699 -1.14626
AI_survey 2000 183.024  14 0.0521243 0.0623235 -0.570738
AI_survey 2000 183.024  15 0.0395737 0.0674974 -1.50567
AI_survey 2000 183.024  16 0.0467571 0.0719835 -1.32034
AI_survey 2000 183.024  17 0.028805 0.0535614 -1.48741
AI_survey 2000 183.024  18 0.0190933 0.0356592 -1.20839
AI_survey 2000 183.024  19 0.0224114 0.0314562 -0.700934
AI_survey 2000 183.024  20 0.021309 0.0268401 -0.462916
AI_survey 2000 183.024  21 0.0108244 0.0192527 -0.829576
AI_survey 2000 183.024  22 0.0110573 0.0134407 -0.279909
AI_survey 2000 183.024  23 0.0145527 0.0107394 0.500272
AI_survey 2000 183.024  24 0.00609345 0.00910482 -0.428679
AI_survey 2000 183.024  25 0.00648161 0.00728601 -0.127872
AI_survey 2000 183.024  26 0.00342019 0.00581375 -0.425564
AI_survey 2000 183.024  27 0.00195956 0.00518714 -0.607267
AI_survey 2000 183.024  28 0.00293122 0.00503398 -0.401565
AI_survey 2000 183.024  29 0.00370235 0.00477705 -0.210645
AI_survey 2000 183.024  30 0.00902341 0.00419666 1.00892
AI_survey 2000 183.024  31 0.00130457 0.00342191 -0.489803
AI_survey 2000 183.024  32 0.0017625 0.00269256 -0.242363
AI_survey 2000 183.024  33 0.00194806 0.00216157 -0.0620531
AI_survey 2000 183.024  34 0.00509874 0.00185793 1.01539
AI_survey 2000 183.024  35 0.00521747 0.0017593 1.11323
AI_survey 2000 183.024  36 0.00468313 0.00182614 0.902833
AI_survey 2000 183.024  37 0.00402159 0.00195198 0.632735
AI_survey 2000 183.024  38 7.10415e-005 0.0020107 -0.584342
AI_survey 2000 183.024  39 0.00224808 0.00192759 0.0985959
AI_survey 2000 183.024  40 0.0558774 0.0300141 2.05033
AI_survey 2002 94.1265  3 0.0207811 0.00594738 1.87015
AI_survey 2002 94.1265  4 0.0672494 0.0210875 3.11641
AI_survey 2002 94.1265  5 0.0411937 0.0232022 1.15922
AI_survey 2002 94.1265  6 0.0562695 0.0691783 -0.493507
AI_survey 2002 94.1265  7 0.0638816 0.0636353 0.00978507
AI_survey 2002 94.1265  8 0.0598368 0.0677695 -0.306172
AI_survey 2002 94.1265  9 0.0412807 0.0409295 0.0171926
AI_survey 2002 94.1265  10 0.0485283 0.0313037 0.959501
AI_survey 2002 94.1265  11 0.0270102 0.0315437 -0.251611
AI_survey 2002 94.1265  12 0.0221413 0.0468171 -1.13317
AI_survey 2002 94.1265  13 0.085139 0.070467 0.556152
AI_survey 2002 94.1265  14 0.065396 0.0782988 -0.465953
AI_survey 2002 94.1265  15 0.0257167 0.0607623 -1.42315
AI_survey 2002 94.1265  16 0.0370482 0.0508608 -0.609868
AI_survey 2002 94.1265  17 0.0449581 0.053815 -0.380766
AI_survey 2002 94.1265  18 0.0706296 0.0552248 0.654247
AI_survey 2002 94.1265  19 0.0269117 0.0429141 -0.765983
AI_survey 2002 94.1265  20 0.0345652 0.0297831 0.272889
AI_survey 2002 94.1265  21 0 0.0251307 -1.5574
AI_survey 2002 94.1265  22 0.0192856 0.02131 -0.135966
AI_survey 2002 94.1265  23 0.0115127 0.0157278 -0.32858
AI_survey 2002 94.1265  24 0.00629131 0.0111889 -0.451541
AI_survey 2002 94.1265  25 0.00629131 0.00879644 -0.26014
AI_survey 2002 94.1265  26 0.00491649 0.00735245 -0.276452
AI_survey 2002 94.1265  27 0.00103292 0.00595438 -0.620106
AI_survey 2002 94.1265  28 0.00495702 0.00482249 0.0188215
AI_survey 2002 94.1265  29 0.00592611 0.00426665 0.246719
AI_survey 2002 94.1265  30 0.00764019 0.00407162 0.543029
AI_survey 2002 94.1265  31 2.02032e-005 0.00383577 -0.598081
AI_survey 2002 94.1265  32 0.00165386 0.00338165 -0.288323
AI_survey 2002 94.1265  33 0.00573296 0.00278579 0.541523
AI_survey 2002 94.1265  34 0 0.00221573 -0.456163
AI_survey 2002 94.1265  35 0.00638994 0.00179098 1.05233
AI_survey 2002 94.1265  36 0.00495702 0.00154793 0.838608
AI_survey 2002 94.1265  37 0.00117791 0.0014682 -0.0733065
AI_survey 2002 94.1265  38 0 0.00153414 -0.379065
AI_survey 2002 94.1265  39 0 0.00169101 -0.398124
AI_survey 2002 94.1265  40 0.0736774 0.0275872 2.72967
AI_survey 2004 167.336  3 0.00592539 0.00535033 0.101877
AI_survey 2004 167.336  4 0.0270057 0.0287269 -0.133267
AI_survey 2004 167.336  5 0.0187448 0.0227305 -0.345863
AI_survey 2004 167.336  6 0.0516861 0.0523942 -0.0411055
AI_survey 2004 167.336  7 0.049296 0.0507371 -0.084935
AI_survey 2004 167.336  8 0.110802 0.0983112 0.542657
AI_survey 2004 167.336  9 0.0844798 0.080718 0.178628
AI_survey 2004 167.336  10 0.0948309 0.066269 1.4852
AI_survey 2004 167.336  11 0.0488706 0.0395866 0.615848
AI_survey 2004 167.336  12 0.0308364 0.02669 0.33273
AI_survey 2004 167.336  13 0.0269138 0.0264697 0.0357753
AI_survey 2004 167.336  14 0.0326228 0.0373483 -0.322339
AI_survey 2004 167.336  15 0.0212118 0.0536147 -1.86065
AI_survey 2004 167.336  16 0.0463063 0.0585051 -0.672317
AI_survey 2004 167.336  17 0.0358566 0.0476438 -0.715743
AI_survey 2004 167.336  18 0.0434737 0.0402987 0.208822
AI_survey 2004 167.336  19 0.0409724 0.0415647 -0.0383803
AI_survey 2004 167.336  20 0.045023 0.0415913 0.222313
AI_survey 2004 167.336  21 0.0155763 0.0334008 -1.28306
AI_survey 2004 167.336  22 0.0143906 0.024097 -0.818613
AI_survey 2004 167.336  23 0.020804 0.0197401 0.0989146
AI_survey 2004 167.336  24 0.0189785 0.0165603 0.245049
AI_survey 2004 167.336  25 0.0102693 0.0125003 -0.259656
AI_survey 2004 167.336  26 0.00604909 0.00904744 -0.409403
AI_survey 2004 167.336  27 0.00736453 0.00703126 0.0515579
AI_survey 2004 167.336  28 0.00843001 0.00580087 0.44746
AI_survey 2004 167.336  29 0.0052884 0.00473131 0.104908
AI_survey 2004 167.336  30 0.00120827 0.00387898 -0.555071
AI_survey 2004 167.336  31 0.00166721 0.00341314 -0.386682
AI_survey 2004 167.336  32 0.000671878 0.00320681 -0.579093
AI_survey 2004 167.336  33 0.00661548 0.00299831 0.854391
AI_survey 2004 167.336  34 0 0.00265105 -0.665679
AI_survey 2004 167.336  35 0.00581219 0.00220547 0.992328
AI_survey 2004 167.336  36 0.0027179 0.00177766 0.287924
AI_survey 2004 167.336  37 0.00137561 0.0014539 -0.0264866
AI_survey 2004 167.336  38 0.00158332 0.0012866 0.106664
AI_survey 2004 167.336  39 0.00423293 0.00128772 1.05828
AI_survey 2004 167.336  40 0.0521066 0.0243807 2.32503
AI_survey 2006 109.814  3 0.00454001 0.00313487 0.262986
AI_survey 2006 109.814  4 0.00564111 0.00983494 -0.445125
AI_survey 2006 109.814  5 0.020117 0.0206554 -0.0396557
AI_survey 2006 109.814  6 0.0967323 0.0708766 1.05577
AI_survey 2006 109.814  7 0.0740622 0.05196 1.04346
AI_survey 2006 109.814  8 0.0784446 0.0764307 0.0794267
AI_survey 2006 109.814  9 0.0939416 0.0665128 1.15345
AI_survey 2006 109.814  10 0.0730983 0.0925772 -0.704234
AI_survey 2006 109.814  11 0.0593438 0.0759933 -0.658384
AI_survey 2006 109.814  12 0.0674044 0.0554958 0.545028
AI_survey 2006 109.814  13 0.0303219 0.0339958 -0.212418
AI_survey 2006 109.814  14 0.00756303 0.022213 -1.04146
AI_survey 2006 109.814  15 0.0161531 0.0218972 -0.411213
AI_survey 2006 109.814  16 0.0303773 0.0299593 0.0256905
AI_survey 2006 109.814  17 0.0210574 0.0413775 -1.06905
AI_survey 2006 109.814  18 0.0412303 0.0447849 -0.180076
AI_survey 2006 109.814  19 0.0328079 0.0380371 -0.286439
AI_survey 2006 109.814  20 0.0179731 0.0327221 -0.868622
AI_survey 2006 109.814  21 0.0281437 0.0329112 -0.279997
AI_survey 2006 109.814  22 0.0147398 0.0322972 -1.04057
AI_survey 2006 109.814  23 0.0254843 0.0265822 -0.0715103
AI_survey 2006 109.814  24 0.0280418 0.0197846 0.621201
AI_survey 2006 109.814  25 0.014163 0.0158849 -0.144273
AI_survey 2006 109.814  26 0.00636351 0.0131477 -0.6239
AI_survey 2006 109.814  27 0.0109308 0.0100861 0.0885409
AI_survey 2006 109.814  28 0.00613248 0.0074166 -0.156732
AI_survey 2006 109.814  29 0.0134661 0.00572017 1.0754
AI_survey 2006 109.814  30 0.000539911 0.00466482 -0.633692
AI_survey 2006 109.814  31 0.00190704 0.00382233 -0.324837
AI_survey 2006 109.814  32 0.00484725 0.00316194 0.314078
AI_survey 2006 109.814  33 0.00827856 0.00277119 1.09588
AI_survey 2006 109.814  34 0.00294021 0.00256993 0.0764929
AI_survey 2006 109.814  35 0.00106467 0.00238513 -0.283081
AI_survey 2006 109.814  36 0.00156666 0.00211712 -0.125205
AI_survey 2006 109.814  37 0.000539911 0.00178219 -0.307784
AI_survey 2006 109.814  38 0.00212759 0.00147446 0.177776
AI_survey 2006 109.814  39 0 0.00128178 -0.373963
AI_survey 2006 109.814  40 0.0579136 0.02168 2.60659
AI_survey 2010 162.107  3 0.00423406 0.0044799 -0.0468196
AI_survey 2010 162.107  4 0.00521345 0.0112144 -0.725251
AI_survey 2010 162.107  5 0.0173698 0.0308489 -0.992377
AI_survey 2010 162.107  6 0.0280817 0.0371542 -0.610641
AI_survey 2010 162.107  7 0.00978627 0.0281332 -1.41246
AI_survey 2010 162.107  8 0.0294372 0.0417078 -0.781371
AI_survey 2010 162.107  9 0.0563175 0.0589411 -0.141827
AI_survey 2010 162.107  10 0.144053 0.102572 1.74066
AI_survey 2010 162.107  11 0.0997219 0.0764 1.11776
AI_survey 2010 162.107  12 0.085765 0.0661898 1.00242
AI_survey 2010 162.107  13 0.0319746 0.0596368 -1.48713
AI_survey 2010 162.107  14 0.0727691 0.0625211 0.538908
AI_survey 2010 162.107  15 0.0350579 0.053677 -1.05173
AI_survey 2010 162.107  16 0.0449847 0.0376394 0.491325
AI_survey 2010 162.107  17 0.0125169 0.0241182 -0.962603
AI_survey 2010 162.107  18 0.00828511 0.0162675 -0.803162
AI_survey 2010 162.107  19 0.00771675 0.0158646 -0.82998
AI_survey 2010 162.107  20 0.0203305 0.0206918 -0.0323001
AI_survey 2010 162.107  21 0.0310586 0.0268506 0.331387
AI_survey 2010 162.107  22 0.0253871 0.0289423 -0.269963
AI_survey 2010 162.107  23 0.0217057 0.0262283 -0.360243
AI_survey 2010 162.107  24 0.0266665 0.0233302 0.281345
AI_survey 2010 162.107  25 0.0242023 0.0225208 0.14426
AI_survey 2010 162.107  26 0.0361046 0.0214187 1.29125
AI_survey 2010 162.107  27 0.0213829 0.0181846 0.304671
AI_survey 2010 162.107  28 0.0118395 0.0141731 -0.251263
AI_survey 2010 162.107  29 0.0140637 0.0111778 0.349336
AI_survey 2010 162.107  30 0.00742467 0.0090249 -0.215325
AI_survey 2010 162.107  31 0.00299546 0.00704379 -0.615889
AI_survey 2010 162.107  32 0.00382601 0.00531379 -0.260308
AI_survey 2010 162.107  33 0.00596227 0.00408232 0.374931
AI_survey 2010 162.107  34 0.00293407 0.00327061 -0.0749312
AI_survey 2010 162.107  35 0.00278575 0.00268612 0.0244632
AI_survey 2010 162.107  36 0.00202148 0.00225459 -0.0624409
AI_survey 2010 162.107  37 0 0.00197443 -0.564879
AI_survey 2010 162.107  38 0.00335722 0.00181918 0.458286
AI_survey 2010 162.107  39 0.00522267 0.00172501 1.07005
AI_survey 2010 162.107  40 0.0374439 0.0199212 1.59628
AI_survey 2012 177.795  3 0.00282724 0.00506531 -0.419957
AI_survey 2012 177.795  4 0.0144218 0.0183572 -0.390804
AI_survey 2012 177.795  5 0.0107932 0.0164006 -0.588505
AI_survey 2012 177.795  6 0.0152454 0.0325039 -1.29749
AI_survey 2012 177.795  7 0.0498032 0.0647093 -0.80786
AI_survey 2012 177.795  8 0.053461 0.0620779 -0.476129
AI_survey 2012 177.795  9 0.0256585 0.0398228 -0.965744
AI_survey 2012 177.795  10 0.0549934 0.043759 0.732223
AI_survey 2012 177.795  11 0.0767677 0.0580852 1.06493
AI_survey 2012 177.795  12 0.10716 0.0850411 1.05727
AI_survey 2012 177.795  13 0.0567801 0.0682036 -0.60418
AI_survey 2012 177.795  14 0.0384157 0.0551927 -0.979541
AI_survey 2012 177.795  15 0.0480797 0.0503575 -0.138875
AI_survey 2012 177.795  16 0.0486457 0.0501272 -0.090522
AI_survey 2012 177.795  17 0.0385192 0.0434572 -0.322911
AI_survey 2012 177.795  18 0.0246901 0.0309896 -0.484646
AI_survey 2012 177.795  19 0.00760131 0.0202973 -1.2002
AI_survey 2012 177.795  20 0.0089367 0.0141307 -0.586564
AI_survey 2012 177.795  21 0.0105669 0.0137213 -0.361432
AI_survey 2012 177.795  22 0.0124311 0.0174379 -0.509886
AI_survey 2012 177.795  23 0.0319456 0.0220293 0.900633
AI_survey 2012 177.795  24 0.024386 0.0237071 0.0594947
AI_survey 2012 177.795  25 0.0130812 0.0219756 -0.808787
AI_survey 2012 177.795  26 0.021501 0.0197857 0.164201
AI_survey 2012 177.795  27 0.0424775 0.0187859 2.32618
AI_survey 2012 177.795  28 0.0200259 0.0176276 0.242944
AI_survey 2012 177.795  29 0.0149828 0.01509 -0.0117247
AI_survey 2012 177.795  30 0.0104291 0.0119599 -0.187701
AI_survey 2012 177.795  31 0.0130743 0.00942279 0.503691
AI_survey 2012 177.795  32 0.011977 0.00753604 0.684263
AI_survey 2012 177.795  33 0.00842952 0.00590257 0.439496
AI_survey 2012 177.795  34 0.0173839 0.00449792 2.5649
AI_survey 2012 177.795  35 0.00411105 0.00346481 0.146433
AI_survey 2012 177.795  36 0.00277866 0.00276764 0.00279326
AI_survey 2012 177.795  37 0.00537288 0.00227852 0.863475
AI_survey 2012 177.795  38 0.00346442 0.00193945 0.460986
AI_survey 2012 177.795  39 0.00334705 0.00174969 0.50819
AI_survey 2012 177.795  40 0.0454342 0.019742 2.46198
AI_survey 2014 172.565  3 0.00192822 0.00634206 -0.729826
AI_survey 2014 172.565  4 0.00764481 0.00775503 -0.0164947
AI_survey 2014 172.565  5 0.0165638 0.0190618 -0.239915
AI_survey 2014 172.565  6 0.0525226 0.050244 0.137012
AI_survey 2014 172.565  7 0.0326069 0.0395404 -0.467321
AI_survey 2014 172.565  8 0.0638929 0.0532144 0.624896
AI_survey 2014 172.565  9 0.114606 0.0798791 1.68261
AI_survey 2014 172.565  10 0.132039 0.0679842 3.3426
AI_survey 2014 172.565  11 0.0650705 0.0415533 1.54784
AI_survey 2014 172.565  12 0.0366909 0.0392947 -0.176023
AI_survey 2014 172.565  13 0.0556186 0.0508584 0.284586
AI_survey 2014 172.565  14 0.0632501 0.0671529 -0.204826
AI_survey 2014 172.565  15 0.04775 0.0571167 -0.530171
AI_survey 2014 172.565  16 0.0231168 0.0455916 -1.4152
AI_survey 2014 172.565  17 0.0167029 0.0416459 -1.63993
AI_survey 2014 172.565  18 0.0314786 0.0403648 -0.593047
AI_survey 2014 172.565  19 0.0175442 0.0351642 -1.25645
AI_survey 2014 172.565  20 0.0154001 0.025681 -0.853628
AI_survey 2014 172.565  21 0.00755046 0.0172229 -0.976357
AI_survey 2014 172.565  22 0.00669204 0.0123547 -0.67314
AI_survey 2014 172.565  23 0.00970533 0.0119414 -0.270315
AI_survey 2014 172.565  24 0.00584136 0.0147372 -0.969473
AI_survey 2014 172.565  25 0.0133306 0.0181501 -0.474127
AI_survey 2014 172.565  26 0.0165756 0.0194828 -0.276243
AI_survey 2014 172.565  27 0.00918943 0.018365 -0.89748
AI_survey 2014 172.565  28 0.0186455 0.0166872 0.200772
AI_survey 2014 172.565  29 0.00918758 0.0156257 -0.681709
AI_survey 2014 172.565  30 0.0151798 0.0144855 0.0763096
AI_survey 2014 172.565  31 0.0112761 0.0124727 -0.141584
AI_survey 2014 172.565  32 0.00685647 0.0100211 -0.417173
AI_survey 2014 172.565  33 0.0051845 0.00790838 -0.403714
AI_survey 2014 172.565  34 0.00665109 0.00628698 0.0604666
AI_survey 2014 172.565  35 0.00763164 0.00493699 0.504527
AI_survey 2014 172.565  36 0.00453965 0.00380264 0.157097
AI_survey 2014 172.565  37 0.00309185 0.00294816 0.0347585
AI_survey 2014 172.565  38 0.00304949 0.00237012 0.183145
AI_survey 2014 172.565  39 0.00278475 0.00200335 0.228997
AI_survey 2014 172.565  40 0.0426093 0.0197526 2.15725
AI_survey 2016 172.565  3 0.00163788 0.00483267 -0.604548
AI_survey 2016 172.565  4 0.00669562 0.0118907 -0.629331
AI_survey 2016 172.565  5 0.00935059 0.0211302 -1.07571
AI_survey 2016 172.565  6 0.0128726 0.0235516 -0.924875
AI_survey 2016 172.565  7 0.034253 0.0426327 -0.544808
AI_survey 2016 172.565  8 0.106861 0.0794367 1.33214
AI_survey 2016 172.565  9 0.0513318 0.0571938 -0.33159
AI_survey 2016 172.565  10 0.0738172 0.0578532 0.89817
AI_survey 2016 172.565  11 0.109674 0.0739382 1.79392
AI_survey 2016 172.565  12 0.0742073 0.0611324 0.716874
AI_survey 2016 172.565  13 0.0302067 0.0381129 -0.542364
AI_survey 2016 172.565  14 0.0204052 0.0338424 -0.976044
AI_survey 2016 172.565  15 0.031599 0.0426697 -0.719466
AI_survey 2016 172.565  16 0.0301993 0.0528921 -1.33177
AI_survey 2016 172.565  17 0.0270407 0.0470685 -1.24214
AI_survey 2016 172.565  18 0.0359383 0.0381617 -0.152431
AI_survey 2016 172.565  19 0.027746 0.0347462 -0.502054
AI_survey 2016 172.565  20 0.0352564 0.0331711 0.152937
AI_survey 2016 172.565  21 0.034157 0.0289444 0.408372
AI_survey 2016 172.565  22 0.0179012 0.0216283 -0.336504
AI_survey 2016 172.565  23 0.0116917 0.0148631 -0.34417
AI_survey 2016 172.565  24 0.00598421 0.0109168 -0.62329
AI_survey 2016 172.565  25 0.0181824 0.0104528 0.997908
AI_survey 2016 172.565  26 0.00881111 0.0124973 -0.435719
AI_survey 2016 172.565  27 0.0167903 0.0150139 0.191827
AI_survey 2016 172.565  28 0.00823698 0.0160635 -0.817538
AI_survey 2016 172.565  29 0.0137459 0.0153289 -0.169211
AI_survey 2016 172.565  30 0.0189872 0.0140304 0.553422
AI_survey 2016 172.565  31 0.021163 0.013008 0.94509
AI_survey 2016 172.565  32 0.0124169 0.0119312 0.0587383
AI_survey 2016 172.565  33 0.00946871 0.0103152 -0.110007
AI_survey 2016 172.565  34 0.00916152 0.00838563 0.111708
AI_survey 2016 172.565  35 0.00894061 0.00665242 0.369491
AI_survey 2016 172.565  36 0.00796818 0.00528053 0.48669
AI_survey 2016 172.565  37 0.0048348 0.00416165 0.137196
AI_survey 2016 172.565  38 0.00852476 0.00324939 1.21582
AI_survey 2016 172.565  39 0.00083472 0.0025838 -0.451734
AI_survey 2016 172.565  40 0.0431059 0.0204361 2.10429
AI_survey 2018 156.877  3 0.00145758 0.0047454 -0.59859
AI_survey 2018 156.877  4 0.0114189 0.0141809 -0.292479
AI_survey 2018 156.877  5 0.00494024 0.0178844 -1.22297
AI_survey 2018 156.877  6 0.0108933 0.0347508 -1.63134
AI_survey 2018 156.877  7 0.024121 0.047106 -1.35869
AI_survey 2018 156.877  8 0.0202745 0.041917 -1.35251
AI_survey 2018 156.877  9 0.0405457 0.0554377 -0.815042
AI_survey 2018 156.877  10 0.0978023 0.0812346 0.759528
AI_survey 2018 156.877  11 0.0379113 0.0596553 -1.14979
AI_survey 2018 156.877  12 0.0672163 0.0530446 0.791918
AI_survey 2018 156.877  13 0.0604261 0.0616726 -0.0648983
AI_survey 2018 156.877  14 0.043899 0.0511917 -0.414416
AI_survey 2018 156.877  15 0.0272366 0.0334037 -0.429811
AI_survey 2018 156.877  16 0.0247713 0.0290646 -0.32005
AI_survey 2018 156.877  17 0.0331896 0.0356317 -0.164989
AI_survey 2018 156.877  18 0.0265313 0.0424748 -0.990092
AI_survey 2018 156.877  19 0.0311021 0.0391212 -0.517978
AI_survey 2018 156.877  20 0.0370359 0.0325605 0.315781
AI_survey 2018 156.877  21 0.0377615 0.0295146 0.610217
AI_survey 2018 156.877  22 0.0390401 0.0278221 0.85419
AI_survey 2018 156.877  23 0.0303495 0.0242566 0.495942
AI_survey 2018 156.877  24 0.0194094 0.0184575 0.088554
AI_survey 2018 156.877  25 0.0171802 0.0129622 0.466885
AI_survey 2018 156.877  26 0.00702498 0.00968269 -0.339767
AI_survey 2018 156.877  27 0.00921625 0.00915148 0.00851537
AI_survey 2018 156.877  28 0.0125325 0.0105924 0.23726
AI_survey 2018 156.877  29 0.0246938 0.0124213 1.3873
AI_survey 2018 156.877  30 0.0243512 0.0132347 1.21793
AI_survey 2018 156.877  31 0.0264849 0.0127564 1.53164
AI_survey 2018 156.877  32 0.0222087 0.0117531 1.21462
AI_survey 2018 156.877  33 0.0274 0.0108288 2.00451
AI_survey 2018 156.877  34 0.0137072 0.00985718 0.487863
AI_survey 2018 156.877  35 0.00581607 0.00855106 -0.371826
AI_survey 2018 156.877  36 0.0126092 0.00703105 0.835578
AI_survey 2018 156.877  37 0.00627013 0.00562367 0.108181
AI_survey 2018 156.877  38 0.00528751 0.00448728 0.149795
AI_survey 2018 156.877  39 0.00294199 0.00359708 -0.136863
AI_survey 2018 156.877  40 0.054942 0.0223411 2.76229
AI_survey 2022 183.024  3 0.000497681 0.00591651 -0.955103
AI_survey 2022 183.024  4 0.00280751 0.00409463 -0.272351
AI_survey 2022 183.024  5 0.00654453 0.01252 -0.726755
AI_survey 2022 183.024  6 0.0521532 0.0405539 0.795441
AI_survey 2022 183.024  7 0.0309363 0.0443717 -0.882587
AI_survey 2022 183.024  8 0.0713825 0.066759 0.250581
AI_survey 2022 183.024  9 0.0509963 0.0589911 -0.459022
AI_survey 2022 183.024  10 0.0554774 0.0619788 -0.364751
AI_survey 2022 183.024  11 0.0508328 0.0592593 -0.482786
AI_survey 2022 183.024  12 0.0280662 0.0457329 -1.14397
AI_survey 2022 183.024  13 0.0457461 0.0472069 -0.0931762
AI_survey 2022 183.024  14 0.0498355 0.0553952 -0.32878
AI_survey 2022 183.024  15 0.0311663 0.0453689 -0.923163
AI_survey 2022 183.024  16 0.0453893 0.0385281 0.482217
AI_survey 2022 183.024  17 0.0481946 0.0397576 0.584107
AI_survey 2022 183.024  18 0.0328418 0.0340794 -0.0922717
AI_survey 2022 183.024  19 0.0132276 0.0248643 -1.01083
AI_survey 2022 183.024  20 0.00748781 0.0219687 -1.33621
AI_survey 2022 183.024  21 0.0164908 0.0254091 -0.766562
AI_survey 2022 183.024  22 0.0201919 0.0288893 -0.702373
AI_survey 2022 183.024  23 0.0151631 0.027749 -1.03645
AI_survey 2022 183.024  24 0.0215182 0.0241814 -0.234501
AI_survey 2022 183.024  25 0.0205034 0.0216473 -0.106309
AI_survey 2022 183.024  26 0.0220937 0.0197879 0.223924
AI_survey 2022 183.024  27 0.01642 0.0170698 -0.0678503
AI_survey 2022 183.024  28 0.0133282 0.0132885 0.00468618
AI_survey 2022 183.024  29 0.00691348 0.0096544 -0.379029
AI_survey 2022 183.024  30 0.0121208 0.00735575 0.753901
AI_survey 2022 183.024  31 0.00840403 0.00672578 0.277577
AI_survey 2022 183.024  32 0.0125747 0.00730285 0.837074
AI_survey 2022 183.024  33 0.0194792 0.0082014 1.69068
AI_survey 2022 183.024  34 0.01639 0.00866699 1.12655
AI_survey 2022 183.024  35 0.0154984 0.00849329 1.03212
AI_survey 2022 183.024  36 0.0132675 0.00795164 0.809214
AI_survey 2022 183.024  37 0.0267906 0.00732432 3.08642
AI_survey 2022 183.024  38 0.0119057 0.00665327 0.873411
AI_survey 2022 183.024  39 0.0120863 0.00587413 1.09885
AI_survey 2022 183.024  40 0.0752765 0.0304272 3.53199
EBS_survey 2002 67.1821  3 0.0010779 0.000562885 0.176417
EBS_survey 2002 67.1821  4 0.0010586 0.00195899 -0.166481
EBS_survey 2002 67.1821  5 0.00180105 0.00237731 -0.0967865
EBS_survey 2002 67.1821  6 0.00386036 0.00784525 -0.369978
EBS_survey 2002 67.1821  7 0.0133835 0.00973992 0.303935
EBS_survey 2002 67.1821  8 0.0100626 0.0143657 -0.296304
EBS_survey 2002 67.1821  9 0.0222134 0.0130695 0.659667
EBS_survey 2002 67.1821  10 0.0213387 0.01666 0.299525
EBS_survey 2002 67.1821  11 0.0400635 0.0254791 0.75848
EBS_survey 2002 67.1821  12 0.0599003 0.0502445 0.362264
EBS_survey 2002 67.1821  13 0.0744646 0.0867318 -0.357242
EBS_survey 2002 67.1821  14 0.0931286 0.103377 -0.275886
EBS_survey 2002 67.1821  15 0.0905787 0.0844113 0.181825
EBS_survey 2002 67.1821  16 0.0692131 0.0740172 -0.1504
EBS_survey 2002 67.1821  17 0.0413078 0.0800208 -1.16941
EBS_survey 2002 67.1821  18 0.076371 0.0827932 -0.19101
EBS_survey 2002 67.1821  19 0.0553283 0.0645531 -0.30767
EBS_survey 2002 67.1821  20 0.052388 0.0449398 0.294648
EBS_survey 2002 67.1821  21 0.0355657 0.0380009 -0.104382
EBS_survey 2002 67.1821  22 0.0167447 0.0322469 -0.719165
EBS_survey 2002 67.1821  23 0.046352 0.0238077 1.21185
EBS_survey 2002 67.1821  24 0.0233087 0.016941 0.404322
EBS_survey 2002 67.1821  25 0.0208951 0.0133206 0.541345
EBS_survey 2002 67.1821  26 0.0161066 0.0111347 0.388193
EBS_survey 2002 67.1821  27 0.00366463 0.00901767 -0.463883
EBS_survey 2002 67.1821  28 0 0.00730358 -0.702573
EBS_survey 2002 67.1821  29 0 0.00646184 -0.660509
EBS_survey 2002 67.1821  30 0 0.00616649 -0.645118
EBS_survey 2002 67.1821  31 0.00176121 0.00580931 -0.436224
EBS_survey 2002 67.1821  32 0.00164803 0.00512154 -0.398464
EBS_survey 2002 67.1821  33 0.00159867 0.0042191 -0.330976
EBS_survey 2002 67.1821  34 0.00786967 0.00335575 0.638811
EBS_survey 2002 67.1821  35 0 0.00271246 -0.426679
EBS_survey 2002 67.1821  36 0 0.00234436 -0.396485
EBS_survey 2002 67.1821  37 0 0.0022236 -0.38607
EBS_survey 2002 67.1821  38 0 0.00232348 -0.394703
EBS_survey 2002 67.1821  39 0.0104982 0.00256106 1.28468
EBS_survey 2002 67.1821  40 0.0864467 0.0417811 1.82948
EBS_survey 2004 82.9897  3 0.000475276 0.000539805 -0.0250773
EBS_survey 2004 82.9897  4 0.00069438 0.00286329 -0.369138
EBS_survey 2004 82.9897  5 0.00183733 0.00246107 -0.11445
EBS_survey 2004 82.9897  6 0.00816643 0.00630725 0.21377
EBS_survey 2004 82.9897  7 0.00660475 0.00927091 -0.253296
EBS_survey 2004 82.9897  8 0.0262148 0.0237848 0.145244
EBS_survey 2004 82.9897  9 0.0384226 0.0291686 0.500888
EBS_survey 2004 82.9897  10 0.0188771 0.0356206 -0.822859
EBS_survey 2004 82.9897  11 0.0349093 0.0291093 0.314242
EBS_survey 2004 82.9897  12 0.027281 0.0280095 -0.0402174
EBS_survey 2004 82.9897  13 0.0242409 0.0343693 -0.506408
EBS_survey 2004 82.9897  14 0.0787808 0.054632 0.967934
EBS_survey 2004 82.9897  15 0.096347 0.0821522 0.470892
EBS_survey 2004 82.9897  16 0.0509765 0.0915941 -1.28272
EBS_survey 2004 82.9897  17 0.0502803 0.0756729 -0.874601
EBS_survey 2004 82.9897  18 0.0303652 0.0648096 -1.27447
EBS_survey 2004 82.9897  19 0.0492247 0.0672601 -0.655919
EBS_survey 2004 82.9897  20 0.0537613 0.0674542 -0.497322
EBS_survey 2004 82.9897  21 0.0598421 0.0542219 0.226069
EBS_survey 2004 82.9897  22 0.0198248 0.0391481 -0.907521
EBS_survey 2004 82.9897  23 0.0206309 0.0320877 -0.592138
EBS_survey 2004 82.9897  24 0.0571907 0.0269248 1.70309
EBS_survey 2004 82.9897  25 0.0168273 0.0203257 -0.225794
EBS_survey 2004 82.9897  26 0.0175907 0.0147122 0.217726
EBS_survey 2004 82.9897  27 0.0342762 0.0114341 1.9564
EBS_survey 2004 82.9897  28 0.0220259 0.00943343 1.18609
EBS_survey 2004 82.9897  29 0.000245329 0.00769416 -0.776099
EBS_survey 2004 82.9897  30 0.00559846 0.00630812 -0.0815918
EBS_survey 2004 82.9897  31 0 0.00555058 -0.679988
EBS_survey 2004 82.9897  32 0.00494235 0.00521504 -0.0344573
EBS_survey 2004 82.9897  33 0 0.00487597 -0.637032
EBS_survey 2004 82.9897  34 0.00351905 0.00431125 -0.110023
EBS_survey 2004 82.9897  35 0.00494235 0.00358662 0.206309
EBS_survey 2004 82.9897  36 2.45552e-005 0.0028909 -0.485517
EBS_survey 2004 82.9897  37 0.000280715 0.00236438 -0.390015
EBS_survey 2004 82.9897  38 0 0.00209232 -0.416148
EBS_survey 2004 82.9897  39 0 0.00209414 -0.416331
EBS_survey 2004 82.9897  40 0.134779 0.0396489 4.44066
EBS_survey 2008 79.0378  3 0.000185957 0.00097244 -0.223186
EBS_survey 2008 79.0378  4 0.000479666 0.00130415 -0.202331
EBS_survey 2008 79.0378  5 0.0013346 0.00125845 0.0190212
EBS_survey 2008 79.0378  6 0.00508887 0.00317974 0.301002
EBS_survey 2008 79.0378  7 0.00633033 0.00868029 -0.22509
EBS_survey 2008 79.0378  8 0.0151167 0.0241479 -0.522931
EBS_survey 2008 79.0378  9 0.031601 0.0266517 0.273141
EBS_survey 2008 79.0378  10 0.0125845 0.0425591 -1.31999
EBS_survey 2008 79.0378  11 0.0300678 0.0543775 -0.952996
EBS_survey 2008 79.0378  12 0.0854338 0.0817008 0.121157
EBS_survey 2008 79.0378  13 0.069333 0.0780139 -0.287745
EBS_survey 2008 79.0378  14 0.0451173 0.0616645 -0.61152
EBS_survey 2008 79.0378  15 0.0394697 0.0412024 -0.077493
EBS_survey 2008 79.0378  16 0.0241309 0.0284849 -0.232649
EBS_survey 2008 79.0378  17 0.0320437 0.0287066 0.177642
EBS_survey 2008 79.0378  18 0.0645627 0.0387578 1.18842
EBS_survey 2008 79.0378  19 0.102271 0.0519889 2.01338
EBS_survey 2008 79.0378  20 0.0305844 0.0562131 -0.989127
EBS_survey 2008 79.0378  21 0.0256298 0.0495452 -0.979684
EBS_survey 2008 79.0378  22 0.0467698 0.04345 0.144757
EBS_survey 2008 79.0378  23 0.024617 0.0427807 -0.79789
EBS_survey 2008 79.0378  24 0.046165 0.0413002 0.217326
EBS_survey 2008 79.0378  25 0.0204376 0.0346191 -0.68956
EBS_survey 2008 79.0378  26 0.018416 0.0264374 -0.444423
EBS_survey 2008 79.0378  27 0.0210346 0.0209776 0.00353661
EBS_survey 2008 79.0378  28 0.0192384 0.0171357 0.144008
EBS_survey 2008 79.0378  29 0.00905982 0.0132799 -0.327626
EBS_survey 2008 79.0378  30 0.0129553 0.0099001 0.274206
EBS_survey 2008 79.0378  31 0.0123654 0.00761194 0.485915
EBS_survey 2008 79.0378  32 0.00581185 0.00614444 -0.0378072
EBS_survey 2008 79.0378  33 0.00439838 0.00504437 -0.0809866
EBS_survey 2008 79.0378  34 0.00273486 0.00420287 -0.2015
EBS_survey 2008 79.0378  35 0 0.00367641 -0.539313
EBS_survey 2008 79.0378  36 0.00230287 0.00337975 -0.164718
EBS_survey 2008 79.0378  37 0 0.00312179 -0.496714
EBS_survey 2008 79.0378  38 0 0.00280746 -0.470885
EBS_survey 2008 79.0378  39 0.00876221 0.00247342 1.12331
EBS_survey 2008 79.0378  40 0.123565 0.0322477 4.5949
EBS_survey 2010 79.0378  3 0.00025524 0.000425684 -0.0726119
EBS_survey 2010 79.0378  4 0.000277861 0.00104757 -0.210532
EBS_survey 2010 79.0378  5 0.000286387 0.00301673 -0.441882
EBS_survey 2010 79.0378  6 0.000878681 0.00410232 -0.447832
EBS_survey 2010 79.0378  7 0.00260076 0.00446593 -0.24841
EBS_survey 2010 79.0378  8 0.00358701 0.00969643 -0.553995
EBS_survey 2010 79.0378  9 0.0108642 0.024987 -0.804252
EBS_survey 2010 79.0378  10 0.0396616 0.0546979 -0.587829
EBS_survey 2010 79.0378  11 0.0289614 0.0548951 -1.01214
EBS_survey 2010 79.0378  12 0.0649742 0.0655726 -0.0214895
EBS_survey 2010 79.0378  13 0.0495132 0.0702581 -0.721556
EBS_survey 2010 79.0378  14 0.0855134 0.0830029 0.0808973
EBS_survey 2010 79.0378  15 0.0549266 0.0745531 -0.664239
EBS_survey 2010 79.0378  16 0.0399173 0.0541857 -0.560285
EBS_survey 2010 79.0378  17 0.0208727 0.0354428 -0.700476
EBS_survey 2010 79.0378  18 0.039147 0.0242453 0.861152
EBS_survey 2010 79.0378  19 0.0395306 0.0238393 0.914279
EBS_survey 2010 79.0378  20 0.0871749 0.0311857 2.86323
EBS_survey 2010 79.0378  21 0.0711687 0.040507 1.38253
EBS_survey 2010 79.0378  22 0.0451457 0.0436797 0.0637624
EBS_survey 2010 79.0378  23 0.033894 0.0395935 -0.259811
EBS_survey 2010 79.0378  24 0.0352324 0.0352255 0.000330533
EBS_survey 2010 79.0378  25 0.032307 0.0340074 -0.0833974
EBS_survey 2010 79.0378  26 0.0162368 0.0323447 -0.809336
EBS_survey 2010 79.0378  27 0.0180239 0.0274614 -0.513311
EBS_survey 2010 79.0378  28 0.015821 0.0214037 -0.34286
EBS_survey 2010 79.0378  29 0.0300849 0.0168805 0.910989
EBS_survey 2010 79.0378  30 0.0151061 0.0136293 0.113197
EBS_survey 2010 79.0378  31 0.0243914 0.0106375 1.19137
EBS_survey 2010 79.0378  32 0.0197684 0.00802484 1.16945
EBS_survey 2010 79.0378  33 0.00335082 0.00616509 -0.31938
EBS_survey 2010 79.0378  34 0.00115894 0.00493925 -0.478908
EBS_survey 2010 79.0378  35 0.00414018 0.00405656 0.0116814
EBS_survey 2010 79.0378  36 0 0.00340487 -0.518888
EBS_survey 2010 79.0378  37 0.00038274 0.00298177 -0.423073
EBS_survey 2010 79.0378  38 0 0.00274732 -0.465782
EBS_survey 2010 79.0378  39 0 0.00260511 -0.453489
EBS_survey 2010 79.0378  40 0.0648439 0.0300848 1.80873
EBS_survey 2012 86.9416  3 0.0012129 0.000466723 0.318733
EBS_survey 2012 86.9416  4 0.000999264 0.00166079 -0.15103
EBS_survey 2012 86.9416  5 0.00341315 0.00157472 0.430953
EBS_survey 2012 86.9416  6 0.00233275 0.00384682 -0.227763
EBS_survey 2012 86.9416  7 0.0087101 0.00973362 -0.0971574
EBS_survey 2012 86.9416  8 0.0163583 0.0125765 0.31631
EBS_survey 2012 86.9416  9 0.0422249 0.0135101 2.31839
EBS_survey 2012 86.9416  10 0.0894545 0.0238998 4.00115
EBS_survey 2012 86.9416  11 0.075788 0.0483201 1.19423
EBS_survey 2012 86.9416  12 0.0694476 0.0837195 -0.480447
EBS_survey 2012 86.9416  13 0.0477121 0.0758671 -0.991399
EBS_survey 2012 86.9416  14 0.0668035 0.070723 -0.142547
EBS_survey 2012 86.9416  15 0.0460195 0.068863 -0.841099
EBS_survey 2012 86.9416  16 0.0652169 0.0711969 -0.216819
EBS_survey 2012 86.9416  17 0.0429959 0.0626259 -0.755383
EBS_survey 2012 86.9416  18 0.0273307 0.0450804 -0.797596
EBS_survey 2012 86.9416  19 0.0203575 0.0297017 -0.513148
EBS_survey 2012 86.9416  20 0.0375145 0.0207577 1.09564
EBS_survey 2012 86.9416  21 0.0518113 0.0202026 2.09432
EBS_survey 2012 86.9416  22 0.0444999 0.0256958 1.10791
EBS_survey 2012 86.9416  23 0.0222075 0.0324699 -0.53979
EBS_survey 2012 86.9416  24 0.0296446 0.0349464 -0.269151
EBS_survey 2012 86.9416  25 0.0180996 0.0323961 -0.752807
EBS_survey 2012 86.9416  26 0.00796286 0.0291691 -1.17482
EBS_survey 2012 86.9416  27 0.0216638 0.027696 -0.342689
EBS_survey 2012 86.9416  28 0.0297931 0.0259887 0.222915
EBS_survey 2012 86.9416  29 0.0175998 0.0222476 -0.293772
EBS_survey 2012 86.9416  30 0.00824684 0.0176329 -0.664779
EBS_survey 2012 86.9416  31 0.0192481 0.0138924 0.426512
EBS_survey 2012 86.9416  32 0.00600541 0.0111107 -0.453936
EBS_survey 2012 86.9416  33 0.0120584 0.00870239 0.336725
EBS_survey 2012 86.9416  34 0.00788818 0.00663146 0.144268
EBS_survey 2012 86.9416  35 0.00764912 0.00510831 0.331999
EBS_survey 2012 86.9416  36 0.00536871 0.00408044 0.188203
EBS_survey 2012 86.9416  37 0 0.00335932 -0.540539
EBS_survey 2012 86.9416  38 0.00351655 0.00285941 0.114551
EBS_survey 2012 86.9416  39 0.00274828 0.00257964 0.030939
EBS_survey 2012 86.9416  40 0.0200958 0.0291065 -0.499711
EBS_survey 2016 79.0378  3 0.0007349 0.000448075 0.11917
EBS_survey 2016 79.0378  4 0.000753247 0.00108107 -0.0882812
EBS_survey 2016 79.0378  5 0.000767945 0.00200456 -0.245188
EBS_survey 2016 79.0378  6 0.000405413 0.00266718 -0.389143
EBS_survey 2016 79.0378  7 0.00560771 0.00716503 -0.164038
EBS_survey 2016 79.0378  8 0.0103458 0.0170397 -0.459697
EBS_survey 2016 79.0378  9 0.0443965 0.0185825 1.69894
EBS_survey 2016 79.0378  10 0.0415101 0.0329019 0.428963
EBS_survey 2016 79.0378  11 0.063135 0.0558833 0.280652
EBS_survey 2016 79.0378  12 0.0293494 0.0557451 -1.02274
EBS_survey 2016 79.0378  13 0.0764483 0.0422187 1.51316
EBS_survey 2016 79.0378  14 0.10451 0.0439182 2.62854
EBS_survey 2016 79.0378  15 0.0530256 0.0592799 -0.23544
EBS_survey 2016 79.0378  16 0.0403107 0.0754027 -1.18149
EBS_survey 2016 79.0378  17 0.0219369 0.0678751 -1.62357
EBS_survey 2016 79.0378  18 0.0514066 0.0556356 -0.164011
EBS_survey 2016 79.0378  19 0.0215563 0.0509711 -1.18889
EBS_survey 2016 79.0378  20 0.02613 0.0487957 -0.935228
EBS_survey 2016 79.0378  21 0.0178512 0.0426286 -1.09027
EBS_survey 2016 79.0378  22 0.0405896 0.0318735 0.441054
EBS_survey 2016 79.0378  23 0.0190646 0.0219128 -0.172925
EBS_survey 2016 79.0378  24 0.00859228 0.0160993 -0.53012
EBS_survey 2016 79.0378  25 0.0216321 0.0154177 0.448277
EBS_survey 2016 79.0378  26 0.0311042 0.0184345 0.83713
EBS_survey 2016 79.0378  27 0.0439181 0.0221471 1.31494
EBS_survey 2016 79.0378  28 0.026282 0.0236955 0.151154
EBS_survey 2016 79.0378  29 0.0228452 0.022612 0.0139418
EBS_survey 2016 79.0378  30 0.0200502 0.0206967 -0.0403608
EBS_survey 2016 79.0378  31 0.0156358 0.0191884 -0.230165
EBS_survey 2016 79.0378  32 0.0362256 0.0176001 1.25893
EBS_survey 2016 79.0378  33 0.0197756 0.0152163 0.331012
EBS_survey 2016 79.0378  34 0.011219 0.0123699 -0.0925317
EBS_survey 2016 79.0378  35 0.014229 0.00981319 0.398057
EBS_survey 2016 79.0378  36 0.000653832 0.00778947 -0.721137
EBS_survey 2016 79.0378  37 0.00201015 0.00613898 -0.469551
EBS_survey 2016 79.0378  38 0.00716709 0.00479328 0.305239
EBS_survey 2016 79.0378  39 0.00580028 0.00381145 0.28657
EBS_survey 2016 79.0378  40 0.0430238 0.0301459 0.66946
fishery 1981 132.03  3 0.00277065 0.0396239 -2.1705
fishery 1981 132.03  4 0.0444763 0.067448 -1.0524
fishery 1981 132.03  5 0.15935 0.0785101 3.45324
fishery 1981 132.03  6 0.0672453 0.0468594 1.10827
fishery 1981 132.03  7 0.0824735 0.0459044 2.00763
fishery 1981 132.03  8 0.0600507 0.0530352 0.359673
fishery 1981 132.03  9 0.10471 0.0752247 1.28445
fishery 1981 132.03  10 0.0745881 0.0765813 -0.0861197
fishery 1981 132.03  11 0.0552789 0.0716212 -0.728177
fishery 1981 132.03  12 0.0484153 0.0524026 -0.205583
fishery 1981 132.03  13 0.0140012 0.0372896 -1.41214
fishery 1981 132.03  14 0.0353846 0.0320763 0.215705
fishery 1981 132.03  15 0.0202251 0.0267912 -0.467165
fishery 1981 132.03  16 0.00681577 0.0203403 -1.10062
fishery 1981 132.03  17 0 0.0190275 -1.59988
fishery 1981 132.03  18 0.00457794 0.0260002 -1.54651
fishery 1981 132.03  19 0.00255314 0.0320879 -1.92538
fishery 1981 132.03  20 0.00255314 0.0258581 -1.68692
fishery 1981 132.03  21 0.0062957 0.0137493 -0.735209
fishery 1981 132.03  22 0.00929275 0.00643614 0.410149
fishery 1981 132.03  23 0.0104778 0.00441617 1.04924
fishery 1981 132.03  24 0.00322687 0.00400816 -0.14191
fishery 1981 132.03  25 0.00406615 0.00313138 0.19194
fishery 1981 132.03  26 0 0.00194173 -0.505522
fishery 1981 132.03  27 0.00486524 0.00115843 1.24677
fishery 1981 132.03  28 0 0.00085061 -0.333312
fishery 1981 132.03  29 0.00255314 0.000781858 0.723557
fishery 1981 132.03  30 0.00203307 0.000821111 0.483255
fishery 1981 132.03  31 0.00713936 0.000932919 2.32352
fishery 1981 132.03  32 0.00910523 0.0011078 2.7501
fishery 1981 132.03  33 0.00446569 0.00133733 0.979961
fishery 1981 132.03  34 0.0118259 0.00160685 2.92257
fishery 1981 132.03  35 0.00457794 0.00189683 0.70617
fishery 1981 132.03  36 0.0107265 0.00220326 2.08404
fishery 1981 132.03  37 0.0129192 0.00249073 2.39919
fishery 1981 132.03  38 0.00794773 0.00286763 1.08973
fishery 1981 132.03  39 0.0136622 0.00345201 1.99738
fishery 1981 132.03  40 0.0893502 0.118128 -1.02447
fishery 1982 86.1066  3 0 0.0598155 -2.34037
fishery 1982 86.1066  4 0.0101707 0.0422169 -1.47866
fishery 1982 86.1066  5 0.0662457 0.0691651 -0.10676
fishery 1982 86.1066  6 0.0494656 0.0791838 -1.0212
fishery 1982 86.1066  7 0.077105 0.0495248 1.17948
fishery 1982 86.1066  8 0.0746995 0.0464677 1.24443
fishery 1982 86.1066  9 0.0571315 0.0535643 0.147004
fishery 1982 86.1066  10 0.102802 0.0724067 1.08826
fishery 1982 86.1066  11 0.0603195 0.0730276 -0.453206
fishery 1982 86.1066  12 0.0931798 0.065825 1.02355
fishery 1982 86.1066  13 0.0687026 0.047674 0.915694
fishery 1982 86.1066  14 0.0339486 0.033075 0.045326
fishery 1982 86.1066  15 0.0469443 0.0273604 1.11379
fishery 1982 86.1066  16 0.0278838 0.0224466 0.340525
fishery 1982 86.1066  17 0.0324828 0.0171157 1.0991
fishery 1982 86.1066  18 0.0121054 0.0160724 -0.29263
fishery 1982 86.1066  19 0.00330936 0.0213298 -1.1571
fishery 1982 86.1066  20 0.00628484 0.0257374 -1.1397
fishery 1982 86.1066  21 0.0095255 0.0210272 -0.743708
fishery 1982 86.1066  22 0.0242887 0.0116683 1.09007
fishery 1982 86.1066  23 0.006159 0.00569245 0.0574946
fishery 1982 86.1066  24 0.0164782 0.00387151 1.88132
fishery 1982 86.1066  25 0 0.00345069 -0.54525
fishery 1982 86.1066  26 0.00810532 0.0027161 0.959103
fishery 1982 86.1066  27 0 0.00173332 -0.385556
fishery 1982 86.1066  28 0.00232434 0.00105503 0.361104
fishery 1982 86.1066  29 0 0.000770763 -0.256064
fishery 1982 86.1066  30 0 0.000704258 -0.244612
fishery 1982 86.1066  31 0 0.000737036 -0.250322
fishery 1982 86.1066  32 0.00284965 0.000834345 0.643845
fishery 1982 86.1066  33 0 0.000987914 -0.290341
fishery 1982 86.1066  34 0 0.00118894 -0.318816
fishery 1982 86.1066  35 0.00490963 0.00142561 0.853871
fishery 1982 86.1066  36 0.00529982 0.00169876 0.809056
fishery 1982 86.1066  37 0.0172983 0.00197552 3.19411
fishery 1982 86.1066  38 0.00538078 0.00235574 0.577804
fishery 1982 86.1066  39 0.00517398 0.00294556 0.380924
fishery 1982 86.1066  40 0.0694257 0.111152 -1.2318
fishery 1990 103.328  3 4.37263e-005 0.0133375 -1.17754
fishery 1990 103.328  4 0.0026723 0.0310772 -1.66368
fishery 1990 103.328  5 0.00898008 0.0368856 -1.50479
fishery 1990 103.328  6 0.0721789 0.100699 -0.963343
fishery 1990 103.328  7 0.0917623 0.0515539 1.8482
fishery 1990 103.328  8 0.0806923 0.0618046 0.797256
fishery 1990 103.328  9 0.137334 0.0982732 1.33376
fishery 1990 103.328  10 0.167744 0.0989019 2.34397
fishery 1990 103.328  11 0.0824409 0.0720179 0.40981
fishery 1990 103.328  12 0.123266 0.0547335 3.0624
fishery 1990 103.328  13 0.070502 0.0584828 0.520621
fishery 1990 103.328  14 0.0367347 0.0551001 -0.818093
fishery 1990 103.328  15 0.0187927 0.0378085 -1.01331
fishery 1990 103.328  16 0.0117503 0.0261422 -0.916701
fishery 1990 103.328  17 0.00690763 0.0233818 -1.10795
fishery 1990 103.328  18 0.00652162 0.0230937 -1.1213
fishery 1990 103.328  19 0.00600438 0.0208514 -1.05598
fishery 1990 103.328  20 0 0.0164718 -1.31509
fishery 1990 103.328  21 0.00625556 0.0117232 -0.516132
fishery 1990 103.328  22 0.00300714 0.00806889 -0.574771
fishery 1990 103.328  23 0.00210389 0.00601982 -0.514168
fishery 1990 103.328  24 0 0.00490015 -0.71259
fishery 1990 103.328  25 0 0.00434125 -0.670446
fishery 1990 103.328  26 0.00451676 0.00457807 -0.0092229
fishery 1990 103.328  27 0.00425069 0.00545759 -0.166369
fishery 1990 103.328  28 0 0.00597218 -0.787254
fishery 1990 103.328  29 0 0.00526955 -0.739151
fishery 1990 103.328  30 0 0.00370954 -0.619432
fishery 1990 103.328  31 0.00210389 0.00229152 -0.0398008
fishery 1990 103.328  32 0.00600438 0.0014958 1.18193
fishery 1990 103.328  33 0 0.0011311 -0.340562
fishery 1990 103.328  34 0 0.000879977 -0.299974
fishery 1990 103.328  35 0 0.000633809 -0.253997
fishery 1990 103.328  36 0.000903252 0.000439324 0.222524
fishery 1990 103.328  37 0.00550848 0.000327643 2.86651
fishery 1990 103.328  38 0.00200486 0.000350167 0.886448
fishery 1990 103.328  39 0.000903252 0.000539922 0.157536
fishery 1990 103.328  40 0.0381106 0.0512535 -0.605795
fishery 1998 166.473  3 0 0.00548536 -0.95736
fishery 1998 166.473  4 0.0020535 0.00879318 -0.930917
fishery 1998 166.473  5 0.00243194 0.00558516 -0.545428
fishery 1998 166.473  6 0.00289703 0.00765443 -0.703837
fishery 1998 166.473  7 0.00613804 0.0108389 -0.585494
fishery 1998 166.473  8 0.0372102 0.0266364 0.84713
fishery 1998 166.473  9 0.0841947 0.0596685 1.33584
fishery 1998 166.473  10 0.194556 0.0874351 4.89269
fishery 1998 166.473  11 0.0953917 0.074994 0.999171
fishery 1998 166.473  12 0.0905371 0.0836524 0.320824
fishery 1998 166.473  13 0.10343 0.105653 -0.0933067
fishery 1998 166.473  14 0.129767 0.127995 0.0684097
fishery 1998 166.473  15 0.0499888 0.0912979 -1.85035
fishery 1998 166.473  16 0.0286472 0.0582769 -1.63175
fishery 1998 166.473  17 0.0648203 0.0530271 0.678965
fishery 1998 166.473  18 0.0258949 0.0435145 -1.1142
fishery 1998 166.473  19 0.0152759 0.0285371 -1.02746
fishery 1998 166.473  20 0.0140468 0.0179061 -0.375393
fishery 1998 166.473  21 0.0153101 0.0133407 0.221397
fishery 1998 166.473  22 0.00512997 0.0108288 -0.710121
fishery 1998 166.473  23 0.00638359 0.00815786 -0.254342
fishery 1998 166.473  24 0.00344511 0.00613221 -0.443741
fishery 1998 166.473  25 0.00272883 0.00535096 -0.463309
fishery 1998 166.473  26 0.00146877 0.00520111 -0.66884
fishery 1998 166.473  27 0.00228038 0.00493766 -0.488638
fishery 1998 166.473  28 0 0.00430385 -0.847295
fishery 1998 166.473  29 0.00261512 0.0034638 -0.186109
fishery 1998 166.473  30 0.00233767 0.00269141 -0.0879326
fishery 1998 166.473  31 0.00136442 0.00213965 -0.215967
fishery 1998 166.473  32 0 0.00181793 -0.549119
fishery 1998 166.473  33 0 0.00169541 -0.530154
fishery 1998 166.473  34 0 0.00174253 -0.537527
fishery 1998 166.473  35 0 0.00186527 -0.556274
fishery 1998 166.473  36 0.000811608 0.00189401 -0.32036
fishery 1998 166.473  37 0 0.00170356 -0.531437
fishery 1998 166.473  38 0 0.00136023 -0.474444
fishery 1998 166.473  39 0 0.00104355 -0.415036
fishery 1998 166.473  40 0.00884455 0.0233788 -1.24079
fishery 2000 126.29  3 0 0.0033786 -0.653352
fishery 2000 126.29  4 0.0083958 0.0132622 -0.47788
fishery 2000 126.29  5 0.00684992 0.0118999 -0.52314
fishery 2000 126.29  6 0.011622 0.0166494 -0.441419
fishery 2000 126.29  7 0.0119396 0.0117429 0.0205097
fishery 2000 126.29  8 0.0223869 0.0139895 0.803218
fishery 2000 126.29  9 0.0250121 0.0197866 0.421562
fishery 2000 126.29  10 0.0671944 0.0425756 1.37015
fishery 2000 126.29  11 0.076405 0.0830186 -0.269357
fishery 2000 126.29  12 0.138076 0.108126 1.08377
fishery 2000 126.29  13 0.0779038 0.0891342 -0.442904
fishery 2000 126.29  14 0.0705969 0.0840189 -0.543685
fishery 2000 126.29  15 0.0996555 0.0943965 0.202126
fishery 2000 126.29  16 0.109377 0.101146 0.306757
fishery 2000 126.29  17 0.0525016 0.0737242 -0.912598
fishery 2000 126.29  18 0.0475101 0.0459342 0.0845906
fishery 2000 126.29  19 0.0444486 0.0376688 0.400126
fishery 2000 126.29  20 0.0198934 0.0304964 -0.692856
fishery 2000 126.29  21 0.0269036 0.0206887 0.490559
fishery 2000 126.29  22 0.0250915 0.0134926 1.12939
fishery 2000 126.29  23 0.00865047 0.010141 -0.167099
fishery 2000 126.29  24 0.00484603 0.00830009 -0.427586
fishery 2000 126.29  25 0.005159 0.00651088 -0.188751
fishery 2000 126.29  26 0.00206954 0.00511941 -0.479788
fishery 2000 126.29  27 0 0.00452685 -0.75699
fishery 2000 126.29  28 0.00339415 0.0043795 -0.167504
fishery 2000 126.29  29 0.000805165 0.00415352 -0.584375
fishery 2000 126.29  30 0.0019649 0.00364659 -0.313103
fishery 2000 126.29  31 0 0.00296641 -0.611951
fishery 2000 126.29  32 0.00370261 0.0023206 0.322085
fishery 2000 126.29  33 0 0.00184219 -0.48148
fishery 2000 126.29  34 0 0.00155504 -0.442083
fishery 2000 126.29  35 0.00159252 0.00143726 0.0458955
fishery 2000 126.29  36 0 0.00145471 -0.427467
fishery 2000 126.29  37 0.00186758 0.00152485 0.0983872
fishery 2000 126.29  38 0 0.00154917 -0.44124
fishery 2000 126.29  39 0 0.00146858 -0.429517
fishery 2000 126.29  40 0.0241844 0.0219733 0.169458
fishery 2001 132.03  3 0.00513815 0.00784582 -0.352411
fishery 2001 132.03  4 0.00090205 0.00573942 -0.735167
fishery 2001 132.03  5 0.00838654 0.0187427 -0.87723
fishery 2001 132.03  6 0.00557621 0.0176606 -1.05392
fishery 2001 132.03  7 0.0225948 0.0228877 -0.0225
fishery 2001 132.03  8 0.0302764 0.0165987 1.22976
fishery 2001 132.03  9 0.038451 0.0183524 1.72013
fishery 2001 132.03  10 0.0179414 0.0252577 -0.535678
fishery 2001 132.03  11 0.0334418 0.050194 -0.881502
fishery 2001 132.03  12 0.086553 0.0906242 -0.162944
fishery 2001 132.03  13 0.139567 0.111672 1.01761
fishery 2001 132.03  14 0.0768777 0.0903368 -0.539459
fishery 2001 132.03  15 0.082231 0.0797311 0.106036
fishery 2001 132.03  16 0.0863997 0.0852465 0.047447
fishery 2001 132.03  17 0.0776685 0.0873913 -0.395575
fishery 2001 132.03  18 0.0732644 0.0644175 0.414053
fishery 2001 132.03  19 0.0505342 0.0405109 0.584102
fishery 2001 132.03  20 0.0271456 0.0321403 -0.325346
fishery 2001 132.03  21 0.033831 0.0259706 0.567771
fishery 2001 132.03  22 0.0116568 0.018043 -0.551137
fishery 2001 132.03  23 0.0206469 0.0120815 0.900515
fishery 2001 132.03  24 0.0089489 0.00915966 -0.0254067
fishery 2001 132.03  25 0.00948093 0.00753559 0.258304
fishery 2001 132.03  26 0.00366476 0.00599905 -0.347055
fishery 2001 132.03  27 0.00331533 0.00479733 -0.246195
fishery 2001 132.03  28 0.00819502 0.00425192 0.695503
fishery 2001 132.03  29 0 0.00408825 -0.735303
fishery 2001 132.03  30 0.00726471 0.00386562 0.628596
fishery 2001 132.03  31 0 0.00339605 -0.66977
fishery 2001 132.03  32 0.00175091 0.00276926 -0.222267
fishery 2001 132.03  33 0.00414532 0.00217088 0.486341
fishery 2001 132.03  34 0.00169358 0.00172092 -0.00755828
fishery 2001 132.03  35 0 0.00144825 -0.436095
fishery 2001 132.03  36 0 0.00133485 -0.418528
fishery 2001 132.03  37 0 0.00134084 -0.419473
fishery 2001 132.03  38 0.00191149 0.00141274 0.152042
fishery 2001 132.03  39 0 0.00147113 -0.439555
fishery 2001 132.03  40 0.0205449 0.0217927 -0.0981831
fishery 2002 126.29  3 0.000314872 0.00357158 -0.612639
fishery 2002 126.29  4 0.00750196 0.0106662 -0.345998
fishery 2002 126.29  5 0.00980497 0.00948379 0.0372213
fishery 2002 126.29  6 0.0339832 0.0266114 0.514638
fishery 2002 126.29  7 0.0256738 0.0259294 -0.0180699
fishery 2002 126.29  8 0.0739611 0.0310934 2.77505
fishery 2002 126.29  9 0.0432485 0.02284 1.53487
fishery 2002 126.29  10 0.026833 0.0233234 0.26127
fishery 2002 126.29  11 0.0369291 0.0307332 0.403361
fishery 2002 126.29  12 0.0594776 0.0560192 0.168993
fishery 2002 126.29  13 0.0906665 0.0938242 -0.121692
fishery 2002 126.29  14 0.0847197 0.110057 -0.909776
fishery 2002 126.29  15 0.0523358 0.0879007 -1.41145
fishery 2002 126.29  16 0.0720858 0.0738234 -0.0746726
fishery 2002 126.29  17 0.0851833 0.0756668 0.404361
fishery 2002 126.29  18 0.0704552 0.0749899 -0.193478
fishery 2002 126.29  19 0.0349933 0.0559893 -1.02623
fishery 2002 126.29  20 0.0413553 0.0359071 0.329023
fishery 2002 126.29  21 0.0237859 0.0279614 -0.284579
fishery 2002 126.29  22 0.0126466 0.0226505 -0.755432
fishery 2002 126.29  23 0.0148417 0.016133 -0.115147
fishery 2002 126.29  24 0.0176031 0.0110829 0.699597
fishery 2002 126.29  25 0.0123898 0.00847984 0.478913
fishery 2002 126.29  26 0.00475392 0.0069943 -0.30189
fishery 2002 126.29  27 0.00683148 0.00563892 0.178818
fishery 2002 126.29  28 0.00506442 0.0045646 0.0832357
fishery 2002 126.29  29 0.00723527 0.00404234 0.56481
fishery 2002 126.29  30 0.00165456 0.00385823 -0.398947
fishery 2002 126.29  31 0.00318369 0.00362823 -0.0829727
fishery 2002 126.29  32 0.00648539 0.00318469 0.65731
fishery 2002 126.29  33 0.00152542 0.00260266 -0.237149
fishery 2002 126.29  34 0.00423109 0.00204307 0.543223
fishery 2002 126.29  35 0 0.00161903 -0.451157
fishery 2002 126.29  36 0 0.00136188 -0.413488
fishery 2002 126.29  37 0 0.00125182 -0.396279
fishery 2002 126.29  38 0.00169503 0.00126957 0.13375
fishery 2002 126.29  39 0 0.00136937 -0.414634
fishery 2002 126.29  40 0.0265496 0.0218338 0.362555
fishery 2003 114.809  3 0 0.0117637 -1.16855
fishery 2003 114.809  4 0.00893012 0.00624952 0.364178
fishery 2003 114.809  5 0.0151551 0.0153599 -0.0178409
fishery 2003 114.809  6 0.00427522 0.0151271 -0.952323
fishery 2003 114.809  7 0.0358097 0.0369408 -0.0642459
fishery 2003 114.809  8 0.0651571 0.0366444 1.62581
fishery 2003 114.809  9 0.0520148 0.040633 0.617615
fishery 2003 114.809  10 0.0398501 0.0297869 0.634171
fishery 2003 114.809  11 0.0424817 0.027961 0.943587
fishery 2003 114.809  12 0.0309583 0.0347445 -0.221497
fishery 2003 114.809  13 0.0416337 0.0580951 -0.753957
fishery 2003 114.809  14 0.0912818 0.090845 0.0162845
fishery 2003 114.809  15 0.0780568 0.102338 -0.858349
fishery 2003 114.809  16 0.0482787 0.0812352 -1.2925
fishery 2003 114.809  17 0.06085 0.0659932 -0.221959
fishery 2003 114.809  18 0.0768058 0.0653432 0.496952
fishery 2003 114.809  19 0.0847912 0.0632409 0.948626
fishery 2003 114.809  20 0.0477435 0.0479391 -0.00980964
fishery 2003 114.809  21 0.030208 0.0316332 -0.0872328
fishery 2003 114.809  22 0.0284629 0.024498 0.274762
fishery 2003 114.809  23 0.0402046 0.0199406 1.55279
fishery 2003 114.809  24 0.0178784 0.0145319 0.299539
fishery 2003 114.809  25 0.0144117 0.0102254 0.445662
fishery 2003 114.809  26 0.00326804 0.0078774 -0.558317
fishery 2003 114.809  27 0.00227057 0.00650708 -0.564143
fishery 2003 114.809  28 0.00145328 0.00529043 -0.566232
fishery 2003 114.809  29 0.0055984 0.00431878 0.208846
fishery 2003 114.809  30 0.0026941 0.00381461 -0.194509
fishery 2003 114.809  31 0.00461677 0.00360507 0.180621
fishery 2003 114.809  32 0 0.00336832 -0.621993
fishery 2003 114.809  33 0 0.00295252 -0.582096
fishery 2003 114.809  34 0.00226028 0.00241636 -0.0339932
fishery 2003 114.809  35 0 0.00190137 -0.466441
fishery 2003 114.809  36 0 0.00151046 -0.415374
fishery 2003 114.809  37 0.00561359 0.00127232 1.29982
fishery 2003 114.809  38 0 0.00118982 -0.368275
fishery 2003 114.809  39 0 0.00124536 -0.376852
fishery 2003 114.809  40 0.0169857 0.0216606 -0.344015
fishery 2004 160.732  3 0.00295515 0.00336831 -0.0902717
fishery 2004 160.732  4 0.00991272 0.0160013 -0.61498
fishery 2004 160.732  5 0.0032864 0.0103477 -0.884235
fishery 2004 160.732  6 0.0202068 0.0219332 -0.149399
fishery 2004 160.732  7 0.0274297 0.0231974 0.356379
fishery 2004 160.732  8 0.0753171 0.0498372 1.48433
fishery 2004 160.732  9 0.0624508 0.049648 0.747177
fishery 2004 160.732  10 0.0723876 0.0508849 1.24036
fishery 2004 160.732  11 0.0386535 0.0368018 0.124675
fishery 2004 160.732  12 0.0167336 0.0316505 -1.08009
fishery 2004 160.732  13 0.0234151 0.036894 -0.906429
fishery 2004 160.732  14 0.0324435 0.0569723 -1.34152
fishery 2004 160.732  15 0.0778382 0.0839797 -0.280712
fishery 2004 160.732  16 0.0782757 0.0916557 -0.58787
fishery 2004 160.732  17 0.0455752 0.072792 -1.3281
fishery 2004 160.732  18 0.0642798 0.0580614 0.337083
fishery 2004 160.732  19 0.0493124 0.05604 -0.370808
fishery 2004 160.732  20 0.0757315 0.0534186 1.25789
fishery 2004 160.732  21 0.0537268 0.0412278 0.796937
fishery 2004 160.732  22 0.029167 0.0281289 0.0795828
fishery 2004 160.732  23 0.0211374 0.0218649 -0.063058
fishery 2004 160.732  24 0.0196658 0.0178727 0.171544
fishery 2004 160.732  25 0.0201906 0.0133083 0.761151
fishery 2004 160.732  26 0.012018 0.00954679 0.322029
fishery 2004 160.732  27 0.0159265 0.00739069 1.26262
fishery 2004 160.732  28 0.00317123 0.00609936 -0.476403
fishery 2004 160.732  29 0.00345206 0.00498449 -0.275598
fishery 2004 160.732  30 0.00368617 0.00409191 -0.0804821
fishery 2004 160.732  31 0.00351528 0.00359512 -0.0168891
fishery 2004 160.732  32 0.00246572 0.00336095 -0.195814
fishery 2004 160.732  33 0.00401869 0.00311787 0.204524
fishery 2004 160.732  34 0.00176523 0.0027276 -0.23351
fishery 2004 160.732  35 0 0.0022366 -0.598916
fishery 2004 160.732  36 0.00232986 0.00176724 0.169348
fishery 2004 160.732  37 0 0.00140878 -0.474511
fishery 2004 160.732  38 0.00117923 0.00120935 -0.010941
fishery 2004 160.732  39 0.00113252 0.00117525 -0.0157425
fishery 2004 160.732  40 0.0252472 0.0214013 0.336841
fishery 2005 137.771  3 0 0.00429177 -0.76971
fishery 2005 137.771  4 0.00433642 0.00582573 -0.229503
fishery 2005 137.771  5 0.0219383 0.0227037 -0.0603045
fishery 2005 137.771  6 0.00608753 0.0163185 -0.947538
fishery 2005 137.771  7 0.0382304 0.0302044 0.550341
fishery 2005 137.771  8 0.0143795 0.0333521 -1.24007
fishery 2005 137.771  9 0.0807313 0.0636273 0.82243
fishery 2005 137.771  10 0.0646756 0.0629227 0.0847225
fishery 2005 137.771  11 0.0647498 0.0596726 0.251559
fishery 2005 137.771  12 0.049765 0.0422146 0.440692
fishery 2005 137.771  13 0.0157774 0.0333938 -1.15073
fishery 2005 137.771  14 0.0173639 0.0365968 -1.2021
fishery 2005 137.771  15 0.0438256 0.0528069 -0.471317
fishery 2005 137.771  16 0.0860406 0.0741047 0.534812
fishery 2005 137.771  17 0.0677684 0.0790219 -0.489601
fishery 2005 137.771  18 0.0514492 0.0631782 -0.565842
fishery 2005 137.771  19 0.0492297 0.0501525 -0.0496213
fishery 2005 137.771  20 0.0622362 0.0476134 0.805925
fishery 2005 137.771  21 0.0628655 0.0450392 1.0088
fishery 2005 137.771  22 0.0404385 0.0354641 0.315645
fishery 2005 137.771  23 0.0295727 0.0250337 0.340953
fishery 2005 137.771  24 0.0289452 0.019589 0.792238
fishery 2005 137.771  25 0.0229634 0.0160781 0.642355
fishery 2005 137.771  26 0.00757169 0.0121725 -0.492269
fishery 2005 137.771  27 0.0135082 0.00887951 0.578807
fishery 2005 137.771  28 0.00914444 0.00689228 0.31929
fishery 2005 137.771  29 0.00322732 0.0056683 -0.381302
fishery 2005 137.771  30 0.00329655 0.00464595 -0.232663
fishery 2005 137.771  31 0.00273125 0.00382296 -0.207372
fishery 2005 137.771  32 0 0.00333548 -0.678008
fishery 2005 137.771  33 0.00313339 0.00308376 0.0104892
fishery 2005 137.771  34 0.00499606 0.00283886 0.475065
fishery 2005 137.771  35 0.00155559 0.00247949 -0.217615
fishery 2005 137.771  36 0 0.00203951 -0.529328
fishery 2005 137.771  37 0.00469799 0.00161864 0.896352
fishery 2005 137.771  38 0.00302678 0.001315 0.552337
fishery 2005 137.771  39 0.00340361 0.00117564 0.759918
fishery 2005 137.771  40 0.0163372 0.0208265 -0.368903
fishery 2006 120.549  3 0 0.00231427 -0.527665
fishery 2006 120.549  4 0.000723221 0.00590996 -0.742346
fishery 2006 120.549  5 0.0032909 0.00961099 -0.710877
fishery 2006 120.549  6 0.0511702 0.0314429 1.24097
fishery 2006 120.549  7 0.026388 0.0245006 0.13401
fishery 2006 120.549  8 0.0577033 0.0400266 0.989984
fishery 2006 120.549  9 0.0453195 0.045006 0.0166012
fishery 2006 120.549  10 0.0915514 0.0767056 0.612457
fishery 2006 120.549  11 0.0928595 0.0745765 0.764066
fishery 2006 120.549  12 0.0631008 0.0655343 -0.107963
fishery 2006 120.549  13 0.0324012 0.0451368 -0.673473
fishery 2006 120.549  14 0.0138029 0.0331767 -1.18753
fishery 2006 120.549  15 0.0134262 0.0343577 -1.26154
fishery 2006 120.549  16 0.0550251 0.0468915 0.422377
fishery 2006 120.549  17 0.0527585 0.0632404 -0.4728
fishery 2006 120.549  18 0.0640953 0.0663981 -0.10154
fishery 2006 120.549  19 0.0346586 0.053756 -0.929617
fishery 2006 120.549  20 0.0521496 0.0429786 0.496436
fishery 2006 120.549  21 0.052099 0.040529 0.644118
fishery 2006 120.549  22 0.0589359 0.0382923 1.18096
fishery 2006 120.549  23 0.0219829 0.0307825 -0.559258
fishery 2006 120.549  24 0.0186829 0.0224028 -0.27592
fishery 2006 120.549  25 0.0258825 0.0176707 0.68414
fishery 2006 120.549  26 0.0208554 0.0145318 0.579991
fishery 2006 120.549  27 0.00623917 0.0111554 -0.513706
fishery 2006 120.549  28 0.00600362 0.00824113 -0.271575
fishery 2006 120.549  29 0.00141508 0.0063956 -0.685445
fishery 2006 120.549  30 0.00510256 0.00523716 -0.0204553
fishery 2006 120.549  31 0.00256279 0.0042908 -0.289927
fishery 2006 120.549  32 0.00597578 0.0035296 0.452234
fishery 2006 120.549  33 0.00283017 0.00305895 -0.0454117
fishery 2006 120.549  34 0.0022319 0.00279656 -0.117191
fishery 2006 120.549  35 0.0024267 0.00255611 -0.0280847
fishery 2006 120.549  36 0 0.00223109 -0.518033
fishery 2006 120.549  37 0 0.00184167 -0.470343
fishery 2006 120.549  38 0 0.00148684 -0.422263
fishery 2006 120.549  39 0 0.00125622 -0.387854
fishery 2006 120.549  40 0.0163493 0.0201502 -0.296923
fishery 2007 149.251  3 0 0.00607196 -0.954094
fishery 2007 149.251  4 0 0.00381336 -0.754878
fishery 2007 149.251  5 0 0.00850728 -1.13099
fishery 2007 149.251  6 0.00132676 0.015024 -1.37513
fishery 2007 149.251  7 0.0500382 0.0421956 0.476537
fishery 2007 149.251  8 0.0456775 0.0347983 0.725113
fishery 2007 149.251  9 0.1074 0.0505998 3.16569
fishery 2007 149.251  10 0.0565766 0.0566139 -0.00197374
fishery 2007 149.251  11 0.101989 0.0865087 0.672707
fishery 2007 149.251  12 0.0880404 0.0820412 0.267055
fishery 2007 149.251  13 0.0553826 0.0670479 -0.569777
fishery 2007 149.251  14 0.0256993 0.0449217 -1.13363
fishery 2007 149.251  15 0.0220179 0.0311472 -0.64193
fishery 2007 149.251  16 0.0152398 0.0307005 -1.09476
fishery 2007 149.251  17 0.0309172 0.0401243 -0.573089
fishery 2007 149.251  18 0.0325741 0.0524556 -1.08937
fishery 2007 149.251  19 0.048335 0.0546401 -0.338892
fishery 2007 149.251  20 0.0287122 0.0450594 -0.962668
fishery 2007 149.251  21 0.0476987 0.0366743 0.716462
fishery 2007 149.251  22 0.0456325 0.0346311 0.734963
fishery 2007 149.251  23 0.053829 0.0328132 1.44099
fishery 2007 149.251  24 0.0229111 0.0268836 -0.299994
fishery 2007 149.251  25 0.0227234 0.0201027 0.228065
fishery 2007 149.251  26 0.0181619 0.0159521 0.215403
fishery 2007 149.251  27 0.0233117 0.0131279 1.09264
fishery 2007 149.251  28 0.0169233 0.0101755 0.821026
fishery 2007 149.251  29 0.00599524 0.0075864 -0.223884
fishery 2007 149.251  30 0.00649675 0.00587992 0.098481
fishery 2007 149.251  31 0.00713805 0.00478074 0.417078
fishery 2007 149.251  32 0.00269937 0.00390739 -0.236258
fishery 2007 149.251  33 0 0.00321204 -0.69243
fishery 2007 149.251  34 0.00244612 0.00276356 -0.073741
fishery 2007 149.251  35 0.00209956 0.00250181 -0.0981756
fishery 2007 149.251  36 0.00144957 0.0022733 -0.210843
fishery 2007 149.251  37 0 0.00198354 -0.543276
fishery 2007 149.251  38 0 0.00165988 -0.496656
fishery 2007 149.251  39 0 0.00138816 -0.453862
fishery 2007 149.251  40 0.0105577 0.019432 -0.785208
fishery 2008 137.771  3 0 0.00798748 -1.05258
fishery 2008 137.771  4 0.00186615 0.00856866 -0.853055
fishery 2008 137.771  5 0.00118654 0.00602195 -0.732987
fishery 2008 137.771  6 0.00447721 0.012018 -0.811946
fishery 2008 137.771  7 0.0185195 0.0221887 -0.292326
fishery 2008 137.771  8 0.0996767 0.0545065 2.33529
fishery 2008 137.771  9 0.0771392 0.046601 1.70036
fishery 2008 137.771  10 0.088163 0.0606443 1.3532
fishery 2008 137.771  11 0.0757151 0.0663187 0.443191
fishery 2008 137.771  12 0.0987503 0.0911792 0.308695
fishery 2008 137.771  13 0.0861837 0.0841275 0.0869423
fishery 2008 137.771  14 0.0413042 0.0645453 -1.11009
fishery 2008 137.771  15 0.0177231 0.0422038 -1.42902
fishery 2008 137.771  16 0.0127742 0.028072 -1.08687
fishery 2008 137.771  17 0.0168907 0.0265956 -0.707841
fishery 2008 137.771  18 0.0238113 0.0336468 -0.640138
fishery 2008 137.771  19 0.0384984 0.0430123 -0.261112
fishery 2008 137.771  20 0.0440514 0.0447454 -0.0393975
fishery 2008 137.771  21 0.0392258 0.0377797 0.0890191
fishery 2008 137.771  22 0.0213898 0.0315124 -0.680014
fishery 2008 137.771  23 0.0392683 0.0299373 0.642583
fishery 2008 137.771  24 0.0373694 0.0284464 0.629898
fishery 2008 137.771  25 0.0341712 0.0237218 0.805785
fishery 2008 137.771  26 0.0193131 0.0181295 0.104098
fishery 2008 137.771  27 0.0190816 0.0144537 0.454973
fishery 2008 137.771  28 0.00650643 0.0118793 -0.581844
fishery 2008 137.771  29 0.0049974 0.00926704 -0.522744
fishery 2008 137.771  30 0.00619032 0.00695396 -0.107785
fishery 2008 137.771  31 0.00118541 0.00536925 -0.671372
fishery 2008 137.771  32 0.00118541 0.00432964 -0.561449
fishery 2008 137.771  33 0.00267325 0.00352656 -0.168719
fishery 2008 137.771  34 0.00316825 0.00289245 0.0601736
fishery 2008 137.771  35 0.00288882 0.00247503 0.0975506
fishery 2008 137.771  36 0 0.00222227 -0.552697
fishery 2008 137.771  37 0 0.00200868 -0.525284
fishery 2008 137.771  38 0.00121944 0.00176897 -0.153064
fishery 2008 137.771  39 0 0.00152489 -0.457206
fishery 2008 137.771  40 0.0134352 0.018818 -0.464844
fishery 2009 154.992  3 0.000275216 0.00479089 -0.81332
fishery 2009 154.992  4 0.00150461 0.0111836 -1.14536
fishery 2009 154.992  5 0.00251061 0.0123673 -1.10988
fishery 2009 154.992  6 0.0010431 0.00917637 -1.06133
fishery 2009 154.992  7 0.0193462 0.0165504 0.272738
fishery 2009 154.992  8 0.0433518 0.0309083 0.894969
fishery 2009 154.992  9 0.122591 0.0674592 2.73637
fishery 2009 154.992  10 0.0764572 0.0587967 0.934554
fishery 2009 154.992  11 0.0873886 0.0688326 0.912425
fishery 2009 154.992  12 0.0770698 0.0727026 0.209383
fishery 2009 154.992  13 0.0952274 0.0905821 0.201488
fishery 2009 154.992  14 0.0611505 0.0814983 -0.925837
fishery 2009 154.992  15 0.0386797 0.0596239 -1.10109
fishery 2009 154.992  16 0.021042 0.0382151 -1.11504
fishery 2009 154.992  17 0.0180532 0.0248006 -0.540044
fishery 2009 154.992  18 0.0230673 0.0228111 0.0213566
fishery 2009 154.992  19 0.0277118 0.0282501 -0.0404431
fishery 2009 154.992  20 0.0433676 0.0355746 0.523717
fishery 2009 154.992  21 0.0306675 0.0371633 -0.427463
fishery 2009 154.992  22 0.023361 0.0322127 -0.624046
fishery 2009 154.992  23 0.0219148 0.0275992 -0.431908
fishery 2009 154.992  24 0.0322018 0.0263821 0.451981
fishery 2009 154.992  25 0.034842 0.0251413 0.771275
fishery 2009 154.992  26 0.0162968 0.0212536 -0.427763
fishery 2009 154.992  27 0.0157278 0.0165379 -0.0790572
fishery 2009 154.992  28 0.0144486 0.0132205 0.133808
fishery 2009 154.992  29 0.0105191 0.0108273 -0.0370558
fishery 2009 154.992  30 0.00805455 0.0084841 -0.0582725
fishery 2009 154.992  31 0.00824693 0.0063912 0.289689
fishery 2009 154.992  32 0.00138929 0.00490726 -0.626117
fishery 2009 154.992  33 0.0041861 0.00392276 0.0523824
fishery 2009 154.992  34 0 0.00317904 -0.701963
fishery 2009 154.992  35 0 0.00260439 -0.634957
fishery 2009 154.992  36 0.00118701 0.00221952 -0.272539
fishery 2009 154.992  37 0 0.00197882 -0.552962
fishery 2009 154.992  38 0.00288927 0.00179684 0.320243
fishery 2009 154.992  39 0 0.00162093 -0.500098
fishery 2009 154.992  40 0.0142296 0.0184333 -0.388966
fishery 2011 177.954  3 0 0.00991719 -1.33443
fishery 2011 177.954  4 0.000377328 0.00614548 -0.983785
fishery 2011 177.954  5 0.00465759 0.0108138 -0.793675
fishery 2011 177.954  6 0.00766911 0.0229149 -1.35889
fishery 2011 177.954  7 0.015553 0.0241907 -0.749821
fishery 2011 177.954  8 0.0147581 0.0188038 -0.397223
fishery 2011 177.954  9 0.0581305 0.0282412 2.40643
fishery 2011 177.954  10 0.047303 0.0498662 -0.157072
fishery 2011 177.954  11 0.142561 0.0886513 2.52995
fishery 2011 177.954  12 0.0683696 0.0774478 -0.45303
fishery 2011 177.954  13 0.0557271 0.0745416 -0.955522
fishery 2011 177.954  14 0.0560954 0.0727397 -0.854881
fishery 2011 177.954  15 0.0576723 0.0770978 -0.971408
fishery 2011 177.954  16 0.0654955 0.0667139 -0.0651364
fishery 2011 177.954  17 0.0315794 0.0463921 -0.939367
fishery 2011 177.954  18 0.0204081 0.0291028 -0.68989
fishery 2011 177.954  19 0.0163186 0.0187362 -0.237796
fishery 2011 177.954  20 0.0232716 0.0168603 0.664095
fishery 2011 177.954  21 0.0262721 0.0205646 0.536352
fishery 2011 177.954  22 0.0320999 0.0256267 0.546361
fishery 2011 177.954  23 0.031362 0.0272624 0.33577
fishery 2011 177.954  24 0.0274988 0.0248619 0.225872
fishery 2011 177.954  25 0.0270288 0.0223011 0.42701
fishery 2011 177.954  26 0.0266521 0.0214955 0.474208
fishery 2011 177.954  27 0.0371713 0.0204916 1.57017
fishery 2011 177.954  28 0.0212244 0.0176628 0.360592
fishery 2011 177.954  29 0.0117819 0.014071 -0.259168
fishery 2011 177.954  30 0.0161892 0.0112397 0.626038
fishery 2011 177.954  31 0.00855579 0.00910196 -0.0766773
fishery 2011 177.954  32 0.00607272 0.00712931 -0.167412
fishery 2011 177.954  33 0.00735358 0.00538384 0.358746
fishery 2011 177.954  34 0.00632898 0.00409127 0.467078
fishery 2011 177.954  35 0.00398226 0.00321749 0.179867
fishery 2011 177.954  36 0.000655474 0.00258739 -0.506335
fishery 2011 177.954  37 0.00159814 0.00211979 -0.15095
fishery 2011 177.954  38 0.000941681 0.00181384 -0.272678
fishery 2011 177.954  39 0.00225263 0.00165265 0.196448
fishery 2011 177.954  40 0.0190313 0.0181485 0.088198
fishery 2013 183.694  3 0 0.00430914 -0.890593
fishery 2013 183.694  4 0 0.00740523 -1.16988
fishery 2013 183.694  5 0.0104914 0.0195535 -0.886838
fishery 2013 183.694  6 0.00910287 0.0144381 -0.605973
fishery 2013 183.694  7 0.0121293 0.0229718 -0.98069
fishery 2013 183.694  8 0.0304391 0.0421369 -0.789071
fishery 2013 183.694  9 0.0517484 0.0421197 0.649631
fishery 2013 183.694  10 0.0463451 0.0320167 1.10296
fishery 2013 183.694  11 0.0536432 0.040135 0.932666
fishery 2013 183.694  12 0.0610653 0.0624741 -0.0788897
fishery 2013 183.694  13 0.102504 0.0931451 0.436442
fishery 2013 183.694  14 0.0683326 0.0803431 -0.59882
fishery 2013 183.694  15 0.05337 0.0668954 -0.733676
fishery 2013 183.694  16 0.0406839 0.0609793 -1.14943
fishery 2013 183.694  17 0.059631 0.0584746 0.0667939
fishery 2013 183.694  18 0.054692 0.0493797 0.332288
fishery 2013 183.694  19 0.0326243 0.0342257 -0.119358
fishery 2013 183.694  20 0.0254033 0.0216479 0.349658
fishery 2013 183.694  21 0.0126549 0.0144563 -0.204482
fishery 2013 183.694  22 0.013275 0.0133415 -0.00785099
fishery 2013 183.694  23 0.0153525 0.0163902 -0.110733
fishery 2013 183.694  24 0.0244082 0.0203867 0.385588
fishery 2013 183.694  25 0.0342613 0.0220529 1.12647
fishery 2013 183.694  26 0.0142691 0.0208924 -0.627492
fishery 2013 183.694  27 0.0286892 0.019294 0.925466
fishery 2013 183.694  28 0.0283679 0.0185715 0.983202
fishery 2013 183.694  29 0.0200824 0.0175787 0.258144
fishery 2013 183.694  30 0.0170619 0.0152685 0.198166
fishery 2013 183.694  31 0.00796755 0.0122945 -0.531972
fishery 2013 183.694  32 0.0119744 0.00974182 0.307918
fishery 2013 183.694  33 0.0100427 0.0077644 0.351571
fishery 2013 183.694  34 0.00905752 0.00604493 0.526322
fishery 2013 183.694  35 0.00542925 0.00456507 0.173561
fishery 2013 183.694  36 0.00703248 0.00345181 0.826252
fishery 2013 183.694  37 0.001746 0.00268909 -0.246364
fishery 2013 183.694  38 0.00293138 0.00217115 0.220864
fishery 2013 183.694  39 0.00362781 0.00183463 0.566392
fishery 2013 183.694  40 0.0195623 0.018559 0.100724
fishery 2015 183.694  3 0 0.00788952 -1.20787
fishery 2015 183.694  4 0.00542685 0.0106888 -0.69321
fishery 2015 183.694  5 0.000901307 0.0098559 -1.22794
fishery 2015 183.694  6 0.00564106 0.017425 -1.22025
fishery 2015 183.694  7 0.0314712 0.0370713 -0.401669
fishery 2015 183.694  8 0.0360504 0.0295273 0.52219
fishery 2015 183.694  9 0.0358087 0.0404984 -0.322403
fishery 2015 183.694  10 0.0715227 0.063795 0.428536
fishery 2015 183.694  11 0.0726213 0.0598282 0.731025
fishery 2015 183.694  12 0.0437577 0.0426486 0.0743862
fishery 2015 183.694  13 0.0452321 0.0444158 0.0536969
fishery 2015 183.694  14 0.0204823 0.0603209 -2.26775
fishery 2015 183.694  15 0.0460106 0.0782724 -1.62781
fishery 2015 183.694  16 0.0281808 0.0675893 -2.12748
fishery 2015 183.694  17 0.0500737 0.052645 -0.156036
fishery 2015 183.694  18 0.0626079 0.04588 1.0835
fishery 2015 183.694  19 0.0562161 0.0420339 0.957779
fishery 2015 183.694  20 0.043787 0.0353098 0.622442
fishery 2015 183.694  21 0.0409555 0.0251849 1.36389
fishery 2015 183.694  22 0.0176261 0.0165772 0.111304
fishery 2015 183.694  23 0.0102844 0.0118163 -0.192053
fishery 2015 183.694  24 0.0115029 0.0113712 0.0168286
fishery 2015 183.694  25 0.0236046 0.0140186 1.1047
fishery 2015 183.694  26 0.0295693 0.0173121 1.27331
fishery 2015 183.694  27 0.0315524 0.0188713 1.26279
fishery 2015 183.694  28 0.0229958 0.0182814 0.47683
fishery 2015 183.694  29 0.0286202 0.0170836 1.20629
fishery 2015 183.694  30 0.0245964 0.016255 0.893762
fishery 2015 183.694  31 0.0255302 0.0151713 1.14822
fishery 2015 183.694  32 0.0185341 0.0131538 0.639798
fishery 2015 183.694  33 0.0117212 0.010622 0.145253
fishery 2015 183.694  34 0.0152668 0.00834514 1.03063
fishery 2015 183.694  35 0.00658871 0.0065526 0.00606135
fishery 2015 183.694  36 0.00587124 0.00507016 0.152718
fishery 2015 183.694  37 0.00200121 0.00384182 -0.402731
fishery 2015 183.694  38 0.00395573 0.002923 0.258832
fishery 2015 183.694  39 0.00308542 0.00232061 0.214967
fishery 2015 183.694  40 0.0103459 0.0195326 -0.899494
fishery 2017 189.435  3 0.0017158 0.0117576 -1.28164
fishery 2017 189.435  4 0.00216692 0.00980393 -1.06629
fishery 2017 189.435  5 0.0103244 0.0164343 -0.661241
fishery 2017 189.435  6 0.0227034 0.0216736 0.0973132
fishery 2017 189.435  7 0.017149 0.0202349 -0.30157
fishery 2017 189.435  8 0.022828 0.0331809 -0.795446
fishery 2017 189.435  9 0.0840059 0.0584871 1.49662
fishery 2017 189.435  10 0.0854505 0.0480933 2.40282
fishery 2017 189.435  11 0.0806577 0.0552546 1.53016
fishery 2017 189.435  12 0.0899217 0.0744711 0.809953
fishery 2017 189.435  13 0.0738653 0.0655063 0.464967
fishery 2017 189.435  14 0.0342592 0.0439837 -0.652635
fishery 2017 189.435  15 0.0293354 0.0394862 -0.717306
fishery 2017 189.435  16 0.0355161 0.0482872 -0.819875
fishery 2017 189.435  17 0.0329608 0.0572553 -1.43912
fishery 2017 189.435  18 0.0361711 0.0502025 -0.884325
fishery 2017 189.435  19 0.042918 0.03904 0.275539
fishery 2017 189.435  20 0.0290379 0.0335975 -0.348227
fishery 2017 189.435  21 0.0375079 0.0306171 0.550434
fishery 2017 189.435  22 0.0234272 0.0261244 -0.232691
fishery 2017 189.435  23 0.0134131 0.0195121 -0.606748
fishery 2017 189.435  24 0.0108645 0.0135706 -0.321787
fishery 2017 189.435  25 0.0131988 0.0102872 0.39696
fishery 2017 189.435  26 0.0176828 0.0101872 1.02688
fishery 2017 189.435  27 0.0198573 0.0124195 0.923982
fishery 2017 189.435  28 0.0170069 0.0151025 0.214846
fishery 2017 189.435  29 0.0103787 0.0164232 -0.654376
fishery 2017 189.435  30 0.0120559 0.016039 -0.436254
fishery 2017 189.435  31 0.0142461 0.0149695 -0.0819721
fishery 2017 189.435  32 0.0181357 0.0139796 0.487042
fishery 2017 189.435  33 0.0150284 0.0128064 0.271891
fishery 2017 189.435  34 0.00927718 0.0110435 -0.23252
fishery 2017 189.435  35 0.00853816 0.00893084 -0.0574146
fishery 2017 189.435  36 0.00248167 0.00699246 -0.744531
fishery 2017 189.435  37 0.000970583 0.00544236 -0.835804
fishery 2017 189.435  38 0.00274127 0.0042179 -0.313227
fishery 2017 189.435  39 0.00282941 0.00326214 -0.104292
fishery 2017 189.435  40 0.0193714 0.0213226 -0.18586
fishery 2019 189.435  3 0.00850509 0.0141519 -0.657767
fishery 2019 189.435  4 0.0019603 0.0112905 -1.21489
fishery 2019 189.435  5 0.0209639 0.0224015 -0.133672
fishery 2019 189.435  6 0.017983 0.0210088 -0.290329
fishery 2019 189.435  7 0.0434581 0.0310619 0.983304
fishery 2019 189.435  8 0.052809 0.037645 1.09639
fishery 2019 189.435  9 0.0524388 0.0344608 1.35632
fishery 2019 189.435  10 0.0779074 0.0492471 1.82282
fishery 2019 189.435  11 0.0822049 0.0733262 0.468771
fishery 2019 189.435  12 0.0645852 0.0600781 0.261032
fishery 2019 189.435  13 0.0532279 0.0577418 -0.266324
fishery 2019 189.435  14 0.0515897 0.0672218 -0.859154
fishery 2019 189.435  15 0.0559794 0.0565469 -0.0338104
fishery 2019 189.435  16 0.0314382 0.0372498 -0.422324
fishery 2019 189.435  17 0.0188395 0.0308071 -0.9531
fishery 2019 189.435  18 0.0227959 0.0352081 -0.926789
fishery 2019 189.435  19 0.0340203 0.039851 -0.410216
fishery 2019 189.435  20 0.0332928 0.0360076 -0.200527
fishery 2019 189.435  21 0.0244496 0.0292341 -0.390831
fishery 2019 189.435  22 0.0303359 0.0257332 0.400012
fishery 2019 189.435  23 0.020365 0.0239028 -0.318719
fishery 2019 189.435  24 0.0160189 0.0208926 -0.468898
fishery 2019 189.435  25 0.0196303 0.0162655 0.366009
fishery 2019 189.435  26 0.0121193 0.011863 0.0325642
fishery 2019 189.435  27 0.0214458 0.00936447 1.7255
fishery 2019 189.435  28 0.0119867 0.00930978 0.383436
fishery 2019 189.435  29 0.0131707 0.0110441 0.279941
fishery 2019 189.435  30 0.0137598 0.0130992 0.0799453
fishery 2019 189.435  31 0.0104719 0.0140976 -0.423137
fishery 2019 189.435  32 0.0148934 0.0137421 0.136072
fishery 2019 189.435  33 0.0176107 0.0127328 0.59858
fishery 2019 189.435  34 0.0104321 0.011675 -0.159188
fishery 2019 189.435  35 0.00987909 0.0105155 -0.0858291
fishery 2019 189.435  36 0.00235005 0.00902235 -0.970677
fishery 2019 189.435  37 0.00432214 0.00732639 -0.484534
fishery 2019 189.435  38 0.00507467 0.00576905 -0.126083
fishery 2019 189.435  39 0.00322695 0.00454051 -0.26862
fishery 2019 189.435  40 0.0144574 0.0245641 -0.898476
fishery 2020 195.175  3 0.00285038 0.0053343 -0.475957
fishery 2020 195.175  4 0.0143464 0.0188912 -0.466262
fishery 2020 195.175  5 0.0103841 0.0170692 -0.72082
fishery 2020 195.175  6 0.0324334 0.0306238 0.146702
fishery 2020 195.175  7 0.0481962 0.0291761 1.57859
fishery 2020 195.175  8 0.0709297 0.040118 2.1933
fishery 2020 195.175  9 0.0553743 0.0463854 0.597025
fishery 2020 195.175  10 0.0747546 0.0414946 2.32965
fishery 2020 195.175  11 0.0847222 0.054516 1.85858
fishery 2020 195.175  12 0.0619383 0.0749875 -0.692153
fishery 2020 195.175  13 0.0551031 0.0610241 -0.345542
fishery 2020 195.175  14 0.0505193 0.0545287 -0.246671
fishery 2020 195.175  15 0.0440741 0.0596342 -0.917893
fishery 2020 195.175  16 0.0308642 0.049579 -1.20434
fishery 2020 195.175  17 0.0263507 0.0329035 -0.513118
fishery 2020 195.175  18 0.0176889 0.0267961 -0.787739
fishery 2020 195.175  19 0.0278614 0.0300524 -0.179258
fishery 2020 195.175  20 0.0322214 0.0337024 -0.114635
fishery 2020 195.175  21 0.0380852 0.0310945 0.562573
fishery 2020 195.175  22 0.0150309 0.0260478 -0.966134
fishery 2020 195.175  23 0.015781 0.0233554 -0.700497
fishery 2020 195.175  24 0.0119769 0.0218981 -0.946854
fishery 2020 195.175  25 0.01987 0.0193425 0.0534922
fishery 2020 195.175  26 0.0123846 0.0152878 -0.330463
fishery 2020 195.175  27 0.0233638 0.0113478 1.58418
fishery 2020 195.175  28 0.0195967 0.00905415 1.55407
fishery 2020 195.175  29 0.0127446 0.00892398 0.567242
fishery 2020 195.175  30 0.0113391 0.0103877 0.131036
fishery 2020 195.175  31 0.0109005 0.0121297 -0.15681
fishery 2020 195.175  32 0.0103779 0.0129601 -0.318833
fishery 2020 195.175  33 0.0110641 0.0126108 -0.193566
fishery 2020 195.175  34 0.0120428 0.0116493 0.0512226
fishery 2020 195.175  35 0.00932043 0.0106051 -0.175124
fishery 2020 195.175  36 0.00418001 0.00948807 -0.764544
fishery 2020 195.175  37 0.00397216 0.00813544 -0.647093
fishery 2020 195.175  38 0.00247563 0.00664542 -0.716454
fishery 2020 195.175  39 0.00391122 0.00529455 -0.266054
fishery 2020 195.175  40 0.01097 0.0269253 -1.37684
fishery 2021 189.435  3 0.00141178 0.0042201 -0.595555
fishery 2021 189.435  4 0.00502608 0.00819043 -0.482929
fishery 2021 189.435  5 0.0277106 0.0259216 0.154929
fishery 2021 189.435  6 0.0406035 0.0246201 1.41932
fishery 2021 189.435  7 0.0413898 0.0400462 0.0943064
fishery 2021 189.435  8 0.0388761 0.0383545 0.0373775
fishery 2021 189.435  9 0.0570102 0.0489021 0.517406
fishery 2021 189.435  10 0.0777093 0.0538477 1.45488
fishery 2021 189.435  11 0.0542842 0.0468284 0.485665
fishery 2021 189.435  12 0.057641 0.0564635 0.0702111
fishery 2021 189.435  13 0.0536347 0.0722064 -0.987509
fishery 2021 189.435  14 0.0359258 0.058563 -1.32681
fishery 2021 189.435  15 0.0382679 0.0496452 -0.720851
fishery 2021 189.435  16 0.0374078 0.0514961 -0.877288
fishery 2021 189.435  17 0.0332602 0.0425929 -0.63602
fishery 2021 189.435  18 0.0253471 0.0287462 -0.279941
fishery 2021 189.435  19 0.0328903 0.0234152 0.862222
fishery 2021 189.435  20 0.0229909 0.0260064 -0.260724
fishery 2021 189.435  21 0.0220071 0.0291074 -0.581223
fishery 2021 189.435  22 0.0269366 0.0274719 -0.045063
fishery 2021 189.435  23 0.0247285 0.0237599 0.0875147
fishery 2021 189.435  24 0.0267112 0.0216709 0.476329
fishery 2021 189.435  25 0.0217662 0.0204685 0.126105
fishery 2021 189.435  26 0.0201642 0.0181998 0.202209
fishery 2021 189.435  27 0.0137956 0.0145597 -0.0877653
fishery 2021 189.435  28 0.0128487 0.0109479 0.251302
fishery 2021 189.435  29 0.0113543 0.00877403 0.38059
fishery 2021 189.435  30 0.00616834 0.0085452 -0.355209
fishery 2021 189.435  31 0.0134066 0.00973076 0.515131
fishery 2021 189.435  32 0.0141052 0.0111807 0.382654
fishery 2021 189.435  33 0.00947248 0.011861 -0.303537
fishery 2021 189.435  34 0.0189886 0.0115224 0.962463
fishery 2021 189.435  35 0.0123889 0.010622 0.237116
fishery 2021 189.435  36 0.0101144 0.00962221 0.069357
fishery 2021 189.435  37 0.0132465 0.00856944 0.697981
fishery 2021 189.435  38 0.00473608 0.00736655 -0.423101
fishery 2021 189.435  39 0.00185631 0.00608774 -0.748102
fishery 2021 189.435  40 0.0338169 0.029866 0.319405
fishery 2023 189.435  3 0.0031791 0.0177365 -1.51755
fishery 2023 189.435  4 0.0103034 0.0190444 -0.87997
fishery 2023 189.435  5 0.012584 0.00947661 0.441203
fishery 2023 189.435  6 0.0265283 0.0170638 1.00555
fishery 2023 189.435  7 0.0806451 0.0424698 2.60524
fishery 2023 189.435  8 0.0692648 0.0426696 1.8109
fishery 2023 189.435  9 0.0746919 0.0576221 1.00812
fishery 2023 189.435  10 0.063174 0.0542576 0.541705
fishery 2023 189.435  11 0.0431419 0.0592428 -0.938621
fishery 2023 189.435  12 0.0476462 0.0590798 -0.667395
fishery 2023 189.435  13 0.0382028 0.0483783 -0.652659
fishery 2023 189.435  14 0.0411156 0.0502115 -0.573217
fishery 2023 189.435  15 0.0397271 0.0569636 -1.02348
fishery 2023 189.435  16 0.032256 0.0466166 -0.937466
fishery 2023 189.435  17 0.0311328 0.0376605 -0.471873
fishery 2023 189.435  18 0.0255059 0.036258 -0.791559
fishery 2023 189.435  19 0.0226427 0.0301846 -0.606607
fishery 2023 189.435  20 0.020454 0.0215732 -0.105998
fishery 2023 189.435  21 0.0227611 0.0182753 0.46081
fishery 2023 189.435  22 0.0168256 0.0204054 -0.348406
fishery 2023 189.435  23 0.0238345 0.0230343 0.0734015
fishery 2023 189.435  24 0.0321769 0.0226525 0.880819
fishery 2023 189.435  25 0.0193456 0.0206188 -0.123284
fishery 2023 189.435  26 0.024009 0.0192521 0.47635
fishery 2023 189.435  27 0.0110271 0.0182462 -0.74218
fishery 2023 189.435  28 0.0229824 0.0162961 0.726618
fishery 2023 189.435  29 0.0124364 0.0132036 -0.0924696
fishery 2023 189.435  30 0.0108709 0.0100625 0.111422
fishery 2023 189.435  31 0.0111797 0.00803564 0.484386
fishery 2023 189.435  32 0.0131527 0.00755031 0.890192
fishery 2023 189.435  33 0.00656725 0.00821433 -0.251008
fishery 2023 189.435  34 0.0121668 0.00914466 0.436743
fishery 2023 189.435  35 0.0145562 0.00957771 0.703169
fishery 2023 189.435  36 0.00974029 0.00929468 0.0638798
fishery 2023 189.435  37 0.00561826 0.0085761 -0.441245
fishery 2023 189.435  38 0.00553656 0.0077634 -0.348987
fishery 2023 189.435  39 0.00289905 0.00695802 -0.671598
fishery 2023 189.435  40 0.0401184 0.0363292 0.278694
