 index year n comp_unit obs pred pearson
AI_survey 2024 223.768  15 0.000454228 0.00131755 -0.354679
AI_survey 2024 223.768  16 0.000202497 0.00106261 -0.393068
AI_survey 2024 223.768  17 0.000324685 0.0016149 -0.479183
AI_survey 2024 223.768  18 0.000428978 0.00225878 -0.575308
AI_survey 2024 223.768  19 0.000857246 0.00300035 -0.585179
AI_survey 2024 223.768  20 0.0013527 0.00380103 -0.594399
AI_survey 2024 223.768  21 0.00248151 0.00468323 -0.481889
AI_survey 2024 223.768  22 0.00312918 0.00559069 -0.4934
AI_survey 2024 223.768  23 0.0044339 0.00652861 -0.388781
AI_survey 2024 223.768  24 0.00530123 0.00785312 -0.432195
AI_survey 2024 223.768  25 0.00690051 0.00968246 -0.424763
AI_survey 2024 223.768  26 0.00680437 0.012539 -0.770624
AI_survey 2024 223.768  27 0.00758217 0.016759 -1.06909
AI_survey 2024 223.768  28 0.0118448 0.0223379 -1.06192
AI_survey 2024 223.768  29 0.0155781 0.0288305 -1.18453
AI_survey 2024 223.768  30 0.0246571 0.0363071 -0.931544
AI_survey 2024 223.768  31 0.035779 0.0435105 -0.566869
AI_survey 2024 223.768  32 0.0373142 0.0509297 -0.926313
AI_survey 2024 223.768  33 0.0543706 0.0581542 -0.241818
AI_survey 2024 223.768  34 0.0747248 0.0652153 0.576095
AI_survey 2024 223.768  35 0.0959483 0.0718256 1.39747
AI_survey 2024 223.768  36 0.113991 0.0774366 2.04573
AI_survey 2024 223.768  37 0.101884 0.0804048 1.18154
AI_survey 2024 223.768  38 0.0920955 0.079714 0.683787
AI_survey 2024 223.768  39 0.301559 0.308642 -0.229374
fishery 1964 107.586  15 0 0.00180174 -0.439455
fishery 1964 107.586  16 0 0.00125277 -0.365899
fishery 1964 107.586  17 0 0.0016902 -0.425535
fishery 1964 107.586  18 0 0.00205613 -0.469676
fishery 1964 107.586  19 0.000489034 0.00240132 -0.404415
fishery 1964 107.586  20 0.000338562 0.00263915 -0.464236
fishery 1964 107.586  21 0.000463956 0.00315327 -0.496751
fishery 1964 107.586  22 0.000827597 0.00411427 -0.531934
fishery 1964 107.586  23 0.00161758 0.00580098 -0.570883
fishery 1964 107.586  24 0.00144202 0.00870642 -0.810604
fishery 1964 107.586  25 0.00257057 0.0125217 -0.927864
fishery 1964 107.586  26 0.00359879 0.0171897 -1.08426
fishery 1964 107.586  27 0.00603142 0.0220283 -1.13022
fishery 1964 107.586  28 0.00843898 0.0265122 -1.16666
fishery 1964 107.586  29 0.0156867 0.0303846 -0.888048
fishery 1964 107.586  30 0.0256304 0.0346035 -0.50915
fishery 1964 107.586  31 0.0500571 0.0392991 0.574207
fishery 1964 107.586  32 0.0673363 0.0459014 1.06229
fishery 1964 107.586  33 0.0801139 0.0539614 1.20048
fishery 1964 107.586  34 0.0962395 0.0633525 1.40023
fishery 1964 107.586  35 0.135563 0.0720603 2.54702
fishery 1964 107.586  36 0.130209 0.0788022 1.97889
fishery 1964 107.586  37 0.127726 0.0817978 1.73816
fishery 1964 107.586  38 0.0970545 0.0802899 0.639865
fishery 1964 107.586  39 0.148566 0.307679 -3.57582
fishery 1965 117.123  15 0 0.00470493 -0.743299
fishery 1965 117.123  16 0 0.00336626 -0.628038
fishery 1965 117.123  17 0 0.00463197 -0.737474
fishery 1965 117.123  18 0 0.00574873 -0.822213
fishery 1965 117.123  19 0 0.00652758 -0.876576
fishery 1965 117.123  20 0 0.00690354 -0.901674
fishery 1965 117.123  21 0.000137957 0.00710362 -0.896993
fishery 1965 117.123  22 0.000137957 0.00724761 -0.906473
fishery 1965 117.123  23 0.00207997 0.00766443 -0.692552
fishery 1965 117.123  24 0.00870193 0.00912122 -0.0477057
fishery 1965 117.123  25 0.0110578 0.0120748 -0.100733
fishery 1965 117.123  26 0.0212348 0.0169504 0.359098
fishery 1965 117.123  27 0.0298625 0.0236862 0.43946
fishery 1965 117.123  28 0.035593 0.0314975 0.253733
fishery 1965 117.123  29 0.0396574 0.0387306 0.0519768
fishery 1965 117.123  30 0.0606164 0.0449559 0.817851
fishery 1965 117.123  31 0.0721729 0.0490148 1.16073
fishery 1965 117.123  32 0.09362 0.0522101 2.01443
fishery 1965 117.123  33 0.07767 0.0551824 1.06575
fishery 1965 117.123  34 0.0969416 0.0586431 1.76394
fishery 1965 117.123  35 0.115088 0.0624065 2.35683
fishery 1965 117.123  36 0.0973555 0.0661556 1.35839
fishery 1965 117.123  37 0.0827108 0.0683038 0.618024
fishery 1965 117.123  38 0.0566262 0.0681375 -0.494364
fishery 1965 117.123  39 0.098735 0.289031 -4.54307
fishery 1966 115.979  15 0 0.00207894 -0.490368
fishery 1966 115.979  16 0 0.002116 -0.49475
fishery 1966 115.979  17 0 0.00364668 -0.650637
fishery 1966 115.979  18 5.40085e-005 0.00564288 -0.802804
fishery 1966 115.979  19 0.000259241 0.00803202 -0.937209
fishery 1966 115.979  20 0.000842533 0.0105108 -1.02049
fishery 1966 115.979  21 0.00106937 0.0126754 -1.11685
fishery 1966 115.979  22 0.00237637 0.0141755 -1.07453
fishery 1966 115.979  23 0.00567089 0.0150452 -0.829047
fishery 1966 115.979  24 0.0103588 0.0156663 -0.460138
fishery 1966 115.979  25 0.0141718 0.0164265 -0.190973
fishery 1966 115.979  26 0.0224459 0.0185757 0.308614
fishery 1966 115.979  27 0.0280088 0.0229859 0.360887
fishery 1966 115.979  28 0.0397503 0.0303782 0.587995
fishery 1966 115.979  29 0.0427099 0.0394326 0.181327
fishery 1966 115.979  30 0.0582104 0.049204 0.448388
fishery 1966 115.979  31 0.0650695 0.0566653 0.391433
fishery 1966 115.979  32 0.0792521 0.0608966 0.826548
fishery 1966 115.979  33 0.0681695 0.0614193 0.302751
fishery 1966 115.979  34 0.0761844 0.0601498 0.72622
fishery 1966 115.979  35 0.0865 0.0582184 1.30063
fishery 1966 115.979  36 0.0794357 0.0573583 1.02242
fishery 1966 115.979  37 0.0782259 0.0571701 0.976617
fishery 1966 115.979  38 0.0633304 0.0570002 0.294018
fishery 1966 115.979  39 0.177904 0.264529 -2.11499
fishery 1967 103.389  15 0 0.00114791 -0.343209
fishery 1967 103.389  16 0 0.00112176 -0.339239
fishery 1967 103.389  17 0 0.00201179 -0.455398
fishery 1967 103.389  18 0 0.00336452 -0.589914
fishery 1967 103.389  19 0 0.00551478 -0.756503
fishery 1967 103.389  20 0 0.0086301 -0.948152
fishery 1967 103.389  21 0.000965605 0.012558 -1.05809
fishery 1967 103.389  22 0.00186321 0.0170845 -1.194
fishery 1967 103.389  23 0.00353602 0.0213493 -1.25278
fishery 1967 103.389  24 0.0100913 0.0250011 -0.970833
fishery 1967 103.389  25 0.0123081 0.0271534 -0.92857
fishery 1967 103.389  26 0.0200465 0.0284534 -0.514041
fishery 1967 103.389  27 0.0241673 0.0298727 -0.34072
fishery 1967 103.389  28 0.0293898 0.0325897 -0.183217
fishery 1967 103.389  29 0.0381074 0.0379886 0.00631818
fishery 1967 103.389  30 0.0391818 0.0461858 -0.339276
fishery 1967 103.389  31 0.0598131 0.0550186 0.213786
fishery 1967 103.389  32 0.0603571 0.0623191 -0.0825183
fishery 1967 103.389  33 0.0698772 0.0654555 0.18177
fishery 1967 103.389  34 0.0790844 0.0640716 0.623324
fishery 1967 103.389  35 0.0848237 0.0594549 1.09074
fishery 1967 103.389  36 0.0957581 0.0547597 1.83217
fishery 1967 103.389  37 0.0941397 0.0513738 1.96959
fishery 1967 103.389  38 0.0884277 0.0495448 1.82175
fishery 1967 103.389  39 0.188062 0.237975 -1.19177
fishery 1968 119.412  15 0 0.0011692 -0.372285
fishery 1968 119.412  16 0 0.000902321 -0.326595
fishery 1968 119.412  17 0 0.00147398 -0.418432
fishery 1968 119.412  18 0 0.00223453 -0.515984
fishery 1968 119.412  19 0 0.00342568 -0.639753
fishery 1968 119.412  20 0 0.00522069 -0.790882
fishery 1968 119.412  21 0.000245033 0.00821902 -0.96454
fishery 1968 119.412  22 0.00219509 0.0127883 -1.02985
fishery 1968 119.412  23 0.00813714 0.0188275 -0.859281
fishery 1968 119.412  24 0.0236661 0.0260708 -0.164877
fishery 1968 119.412  25 0.0457599 0.0332477 0.762534
fishery 1968 119.412  26 0.0687624 0.0394437 1.64576
fishery 1968 119.412  27 0.0754599 0.04344 1.71631
fishery 1968 119.412  28 0.0780022 0.0453775 1.71273
fishery 1968 119.412  29 0.064168 0.0466136 0.909862
fishery 1968 119.412  30 0.056766 0.0489214 0.397367
fishery 1968 119.412  31 0.0532232 0.0530609 0.0079124
fishery 1968 119.412  32 0.0484349 0.0583682 -0.462972
fishery 1968 119.412  33 0.0505176 0.0622528 -0.530714
fishery 1968 119.412  34 0.0570621 0.0630827 -0.270601
fishery 1968 119.412  35 0.0595532 0.0599051 -0.016204
fishery 1968 119.412  36 0.0636269 0.0545549 0.436473
fishery 1968 119.412  37 0.0623507 0.0493757 0.654378
fishery 1968 119.412  38 0.0524779 0.0456241 0.358882
fishery 1968 119.412  39 0.129592 0.2164 -2.30357
fishery 1969 97.6663  15 0 0.00170436 -0.407151
fishery 1969 97.6663  16 0 0.00126562 -0.350422
fishery 1969 97.6663  17 0 0.00181802 -0.420609
fishery 1969 97.6663  18 0 0.00238893 -0.482601
fishery 1969 97.6663  19 0 0.00316062 -0.5556
fishery 1969 97.6663  20 3.05306e-005 0.00393585 -0.615626
fishery 1969 97.6663  21 0.000915919 0.00548416 -0.610755
fishery 1969 97.6663  22 0.00283935 0.00804561 -0.57558
fishery 1969 97.6663  23 0.00520547 0.0121432 -0.625749
fishery 1969 97.6663  24 0.0180436 0.0188205 -0.0564868
fishery 1969 97.6663  25 0.0441625 0.0277272 0.989075
fishery 1969 97.6663  26 0.0849057 0.0382391 2.40457
fishery 1969 97.6663  27 0.128992 0.0488408 3.6747
fishery 1969 97.6663  28 0.145921 0.0571084 3.78208
fishery 1969 97.6663  29 0.131511 0.0616359 2.87116
fishery 1969 97.6663  30 0.0943244 0.063027 1.27269
fishery 1969 97.6663  31 0.0588936 0.0621731 -0.134211
fishery 1969 97.6663  32 0.040621 0.0614618 -0.857482
fishery 1969 97.6663  33 0.0260884 0.0609028 -1.43854
fishery 1969 97.6663  34 0.0299047 0.0601017 -1.2555
fishery 1969 97.6663  35 0.0347133 0.0572727 -0.959393
fishery 1969 97.6663  36 0.0417048 0.0528191 -0.491022
fishery 1969 97.6663  37 0.0390029 0.0476947 -0.403011
fishery 1969 97.6663  38 0.0270196 0.04316 -0.784837
fishery 1969 97.6663  39 0.0452006 0.199069 -3.80815
fishery 1970 74.7758  15 0 0.00206757 -0.392658
fishery 1970 74.7758  16 0 0.00156969 -0.341784
fishery 1970 74.7758  17 0 0.00228159 -0.412618
fishery 1970 74.7758  18 0 0.00302954 -0.475898
fishery 1970 74.7758  19 0 0.00378779 -0.532509
fishery 1970 74.7758  20 0 0.00450462 -0.581046
fishery 1970 74.7758  21 2.59707e-005 0.00548612 -0.638637
fishery 1970 74.7758  22 0.00145436 0.00676011 -0.559506
fishery 1970 74.7758  23 0.00586937 0.00872888 -0.265675
fishery 1970 74.7758  24 0.0112713 0.0124296 -0.0903713
fishery 1970 74.7758  25 0.0168809 0.0185933 -0.109588
fishery 1970 74.7758  26 0.0306713 0.0277687 0.152734
fishery 1970 74.7758  27 0.0394235 0.040036 -0.0270146
fishery 1970 74.7758  28 0.0816517 0.0540501 1.05547
fishery 1970 74.7758  29 0.0966368 0.0660858 1.06333
fishery 1970 74.7758  30 0.101935 0.0745555 0.901281
fishery 1970 74.7758  31 0.102013 0.0768573 0.816599
fishery 1970 74.7758  32 0.0885599 0.0744329 0.465391
fishery 1970 74.7758  33 0.0630567 0.0692049 -0.20946
fishery 1970 74.7758  34 0.0524867 0.0628387 -0.368854
fishery 1970 74.7758  35 0.0543825 0.0565885 -0.0825526
fishery 1970 74.7758  36 0.060174 0.0510917 0.356655
fishery 1970 74.7758  37 0.0507467 0.0458648 0.201779
fishery 1970 74.7758  38 0.054019 0.0415659 0.539458
fishery 1970 74.7758  39 0.0887417 0.18982 -2.22879
fishery 1971 77.8278  15 0 0.00203219 -0.397125
fishery 1971 77.8278  16 0 0.00159087 -0.351052
fishery 1971 77.8278  17 0 0.00237065 -0.429146
fishery 1971 77.8278  18 0 0.00324028 -0.502223
fishery 1971 77.8278  19 0 0.00418999 -0.571571
fishery 1971 77.8278  20 0 0.00517189 -0.635479
fishery 1971 77.8278  21 0.0040671 0.00620757 -0.240227
fishery 1971 77.8278  22 0.0107573 0.00728027 0.360578
fishery 1971 77.8278  23 0.0118403 0.0086275 0.306296
fishery 1971 77.8278  24 0.0142469 0.0108011 0.293949
fishery 1971 77.8278  25 0.0130917 0.0138813 -0.0595181
fishery 1971 77.8278  26 0.0186509 0.0192502 -0.0384699
fishery 1971 77.8278  27 0.0372536 0.0280636 0.490819
fishery 1971 77.8278  28 0.0507304 0.0409441 0.435629
fishery 1971 77.8278  29 0.0734002 0.0561385 0.661501
fishery 1971 77.8278  30 0.114745 0.0716236 1.47517
fishery 1971 77.8278  31 0.135466 0.082711 1.68954
fishery 1971 77.8278  32 0.106539 0.0870248 0.610711
fishery 1971 77.8278  33 0.0789353 0.0834872 -0.145164
fishery 1971 77.8278  34 0.0594903 0.0749788 -0.518808
fishery 1971 77.8278  35 0.0479388 0.0639438 -0.577087
fishery 1971 77.8278  36 0.0498881 0.0542993 -0.171717
fishery 1971 77.8278  37 0.0444974 0.0466529 -0.0901599
fishery 1971 77.8278  38 0.0437754 0.0412227 0.113266
fishery 1971 77.8278  39 0.084687 0.184266 -2.26584
fishery 1972 66.0011  15 0 0.00287236 -0.435278
fishery 1972 66.0011  16 0 0.00211959 -0.373544
fishery 1972 66.0011  17 0 0.0030252 -0.446782
fishery 1972 66.0011  18 0 0.00395187 -0.511081
fishery 1972 66.0011  19 0 0.00488193 -0.568449
fishery 1972 66.0011  20 0 0.00581491 -0.620787
fishery 1972 66.0011  21 0 0.00683999 -0.673718
fishery 1972 66.0011  22 0 0.00801603 -0.729851
fishery 1972 66.0011  23 0.000233942 0.00931334 -0.767504
fishery 1972 66.0011  24 0.00581512 0.0111247 -0.411083
fishery 1972 66.0011  25 0.0283404 0.0129901 1.10093
fishery 1972 66.0011  26 0.0488938 0.0161001 2.11614
fishery 1972 66.0011  27 0.0569815 0.0211606 2.02158
fishery 1972 66.0011  28 0.0675423 0.0292327 1.84722
fishery 1972 66.0011  29 0.0848205 0.041569 1.7602
fishery 1972 66.0011  30 0.0996591 0.0574823 1.47198
fishery 1972 66.0011  31 0.123187 0.0738802 1.53129
fishery 1972 66.0011  32 0.0962503 0.0867893 0.273004
fishery 1972 66.0011  33 0.0743934 0.0918958 -0.492192
fishery 1972 66.0011  34 0.056781 0.0881161 -0.898023
fishery 1972 66.0011  35 0.0520353 0.0772947 -0.768364
fishery 1972 66.0011  36 0.0497627 0.0645355 -0.488419
fishery 1972 66.0011  37 0.0455183 0.0530515 -0.273025
fishery 1972 66.0011  38 0.0386338 0.0445648 -0.233486
fishery 1972 66.0011  39 0.0711517 0.183378 -2.356
fishery 1977 38.9139  15 0 0.00606894 -0.487052
fishery 1977 38.9139  16 0 0.00451039 -0.419433
fishery 1977 38.9139  17 0 0.00647588 -0.503245
fishery 1977 38.9139  18 0.000121926 0.00854075 -0.570383
fishery 1977 38.9139  19 0.000199945 0.0107385 -0.637537
fishery 1977 38.9139  20 0.000819374 0.0130586 -0.672277
fishery 1977 38.9139  21 0.00264059 0.0156664 -0.654131
fishery 1977 38.9139  22 0.00859374 0.0186319 -0.462963
fishery 1977 38.9139  23 0.0168438 0.0217245 -0.2088
fishery 1977 38.9139  24 0.0218821 0.0250839 -0.127699
fishery 1977 38.9139  25 0.0278467 0.0281831 -0.0126812
fishery 1977 38.9139  26 0.0424913 0.0310696 0.410585
fishery 1977 38.9139  27 0.0459877 0.0333895 0.437391
fishery 1977 38.9139  28 0.0540791 0.0351326 0.641853
fishery 1977 38.9139  29 0.0552506 0.0364537 0.625569
fishery 1977 38.9139  30 0.0573263 0.0379246 0.633536
fishery 1977 38.9139  31 0.0602607 0.039812 0.652349
fishery 1977 38.9139  32 0.0641892 0.0430874 0.648205
fishery 1977 38.9139  33 0.0605958 0.0478236 0.373332
fishery 1977 38.9139  34 0.0514112 0.0541815 -0.0763341
fishery 1977 38.9139  35 0.0588949 0.0603231 -0.0374193
fishery 1977 38.9139  36 0.0569186 0.0648488 -0.200869
fishery 1977 38.9139  37 0.0654614 0.0657165 -0.00642273
fishery 1977 38.9139  38 0.0687019 0.0622957 0.165334
fishery 1977 38.9139  39 0.179483 0.229259 -0.73866
fishery 1978 46.9256  15 0.000105355 0.00591375 -0.518505
fishery 1978 46.9256  16 0.00016808 0.00441261 -0.438185
fishery 1978 46.9256  17 0.000130396 0.00635228 -0.536051
fishery 1978 46.9256  18 0.000426305 0.00834515 -0.595952
fishery 1978 46.9256  19 0.00104316 0.0103037 -0.62789
fishery 1978 46.9256  20 0.00222195 0.0121745 -0.621438
fishery 1978 46.9256  21 0.00417057 0.0142159 -0.581088
fishery 1978 46.9256  22 0.00896387 0.0165979 -0.409204
fishery 1978 46.9256  23 0.0181879 0.0193933 -0.0598626
fishery 1978 46.9256  24 0.0309194 0.0229221 0.365987
fishery 1978 46.9256  25 0.0607865 0.0268525 1.43774
fishery 1978 46.9256  26 0.0659578 0.0310842 1.37633
fishery 1978 46.9256  27 0.0514908 0.0351742 0.606653
fishery 1978 46.9256  28 0.055047 0.0387267 0.579363
fishery 1978 46.9256  29 0.0842047 0.0413653 1.47351
fishery 1978 46.9256  30 0.0880717 0.0432733 1.50805
fishery 1978 46.9256  31 0.0613714 0.0446241 0.555562
fishery 1978 46.9256  32 0.0461594 0.0465334 -0.0121632
fishery 1978 46.9256  33 0.0449591 0.0489122 -0.125538
fishery 1978 46.9256  34 0.0380423 0.0526442 -0.447864
fishery 1978 46.9256  35 0.0378096 0.0567981 -0.56194
fishery 1978 46.9256  36 0.0434384 0.0605002 -0.490196
fishery 1978 46.9256  37 0.0540278 0.0620382 -0.22746
fishery 1978 46.9256  38 0.0520643 0.0602929 -0.236794
fishery 1978 46.9256  39 0.150232 0.230549 -1.30627
fishery 1979 41.5845  15 0.000675807 0.0128506 -0.696798
fishery 1979 41.5845  16 0.000158573 0.00889485 -0.599682
fishery 1979 41.5845  17 0.000445203 0.0119238 -0.681666
fishery 1979 41.5845  18 0.00119625 0.0143817 -0.713924
fishery 1979 41.5845  19 0.00297017 0.0159254 -0.667141
fishery 1979 41.5845  20 0.00484402 0.0165777 -0.592433
fishery 1979 41.5845  21 0.00332592 0.0168584 -0.677642
fishery 1979 41.5845  22 0.00674129 0.0172699 -0.521016
fishery 1979 41.5845  23 0.00973436 0.0181631 -0.406907
fishery 1979 41.5845  24 0.0118776 0.0202147 -0.38192
fishery 1979 41.5845  25 0.0226094 0.023111 -0.0215233
fishery 1979 41.5845  26 0.0336372 0.0271297 0.258259
fishery 1979 41.5845  27 0.0566359 0.0318052 0.912345
fishery 1979 41.5845  28 0.0633458 0.0367608 0.910931
fishery 1979 41.5845  29 0.0771224 0.0411482 1.16777
fishery 1979 41.5845  30 0.0896097 0.0449295 1.39076
fishery 1979 41.5845  31 0.0962132 0.0473981 1.48129
fishery 1979 41.5845  32 0.0876036 0.0493068 1.14054
fishery 1979 41.5845  33 0.0726091 0.0505441 0.649466
fishery 1979 41.5845  34 0.0662757 0.0522021 0.40797
fishery 1979 41.5845  35 0.0553139 0.0540055 0.0373244
fishery 1979 41.5845  36 0.0460214 0.0560617 -0.281429
fishery 1979 41.5845  37 0.0449368 0.0569614 -0.334539
fishery 1979 41.5845  38 0.0444638 0.0557865 -0.318112
fishery 1979 41.5845  39 0.101633 0.219789 -1.83995
fishery 1980 24.0351  15 0.00021961 0.0117038 -0.523277
fishery 1980 24.0351  16 0 0.00868171 -0.458533
fishery 1980 24.0351  17 0.000681703 0.0123073 -0.51674
fishery 1980 24.0351  18 0.00112092 0.0158068 -0.577066
fishery 1980 24.0351  19 0.000681703 0.0186763 -0.651476
fishery 1980 24.0351  20 0.00299311 0.0206168 -0.607896
fishery 1980 24.0351  21 0.00629828 0.0216421 -0.516844
fishery 1980 24.0351  22 0.01397 0.021887 -0.265214
fishery 1980 24.0351  23 0.0182414 0.0217228 -0.117056
fishery 1980 24.0351  24 0.0208464 0.0219343 -0.0364076
fishery 1980 24.0351  25 0.0199798 0.0227165 -0.090027
fishery 1980 24.0351  26 0.041389 0.0248425 0.521083
fishery 1980 24.0351  27 0.0469779 0.0282385 0.554504
fishery 1980 24.0351  28 0.0720225 0.0329487 1.073
fishery 1980 24.0351  29 0.0655394 0.0381711 0.700163
fishery 1980 24.0351  30 0.0757466 0.0436085 0.771423
fishery 1980 24.0351  31 0.0659018 0.0480272 0.40979
fishery 1980 24.0351  32 0.0783052 0.0514841 0.594977
fishery 1980 24.0351  33 0.0665159 0.0532826 0.288835
fishery 1980 24.0351  34 0.0513309 0.0543098 -0.0644364
fishery 1980 24.0351  35 0.0551906 0.05453 0.0142604
fishery 1980 24.0351  36 0.0480725 0.0547699 -0.144295
fishery 1980 24.0351  37 0.0443262 0.0543564 -0.216873
fishery 1980 24.0351  38 0.050707 0.052796 -0.045794
fishery 1980 24.0351  39 0.152942 0.210939 -0.696934
fishery 1983 9.91923  15 0 0.0151868 -0.39098
fishery 1983 9.91923  16 0 0.0106875 -0.327197
fishery 1983 9.91923  17 0 0.0145397 -0.382428
fishery 1983 9.91923  18 0 0.0178235 -0.424151
fishery 1983 9.91923  19 0 0.0200443 -0.450324
fishery 1983 9.91923  20 0.00145293 0.0211337 -0.430855
fishery 1983 9.91923  21 0.00145293 0.0215906 -0.436273
fishery 1983 9.91923  22 0.00290586 0.0219881 -0.409738
fishery 1983 9.91923  23 0.00145293 0.0227446 -0.449689
fishery 1983 9.91923  24 0.00726464 0.024458 -0.350493
fishery 1983 9.91923  25 0.0310997 0.0266445 0.0871142
fishery 1983 9.91923  26 0.0279877 0.0293797 -0.025957
fishery 1983 9.91923  27 0.0317801 0.0318518 -0.00128482
fishery 1983 9.91923  28 0.0239892 0.0340196 -0.17424
fishery 1983 9.91923  29 0.0643948 0.0359317 0.481581
fishery 1983 9.91923  30 0.0869612 0.038573 0.791269
fishery 1983 9.91923  31 0.0922726 0.0421408 0.785781
fishery 1983 9.91923  32 0.0830949 0.0471851 0.533338
fishery 1983 9.91923  33 0.0509166 0.052493 -0.0222599
fishery 1983 9.91923  34 0.0462596 0.057143 -0.14766
fishery 1983 9.91923  35 0.0106611 0.0592959 -0.648506
fishery 1983 9.91923  36 0.0387628 0.0588455 -0.268744
fishery 1983 9.91923  37 0.0403959 0.0559349 -0.212953
fishery 1983 9.91923  38 0.051939 0.0513014 0.00910259
fishery 1983 9.91923  39 0.304955 0.189063 0.932153
fishery 1984 18.6939  15 0.000322081 0.0151962 -0.525531
fishery 1984 18.6939  16 0 0.0110582 -0.456997
fishery 1984 18.6939  17 0 0.0154334 -0.541152
fishery 1984 18.6939  18 0.00101725 0.019503 -0.577837
fishery 1984 18.6939  19 0 0.0227032 -0.658851
fishery 1984 18.6939  20 0.000830705 0.024749 -0.665516
fishery 1984 18.6939  21 0.00254312 0.0257591 -0.633514
fishery 1984 18.6939  22 0.00706973 0.0259651 -0.51362
fishery 1984 18.6939  23 0.00522178 0.0257081 -0.559568
fishery 1984 18.6939  24 0.0139019 0.025832 -0.3251
fishery 1984 18.6939  25 0.0231752 0.0264563 -0.0883785
fishery 1984 18.6939  26 0.0349756 0.028182 0.177457
fishery 1984 18.6939  27 0.0536591 0.0306152 0.578258
fishery 1984 18.6939  28 0.069562 0.0335599 0.864207
fishery 1984 18.6939  29 0.0858715 0.036266 1.14708
fishery 1984 18.6939  30 0.107572 0.0391413 1.52546
fishery 1984 18.6939  31 0.121474 0.041971 1.71403
fishery 1984 18.6939  32 0.104077 0.0458026 1.20509
fishery 1984 18.6939  33 0.06505 0.0501991 0.294034
fishery 1984 18.6939  34 0.0418399 0.0546532 -0.243708
fishery 1984 18.6939  35 0.0332268 0.0574635 -0.450239
fishery 1984 18.6939  36 0.0320391 0.0579727 -0.479773
fishery 1984 18.6939  37 0.0352934 0.0555023 -0.381593
fishery 1984 18.6939  38 0.0470239 0.0507099 -0.0726306
fishery 1984 18.6939  39 0.114254 0.179598 -0.736001
fishery 1987 7.63018  15 0 0.0169851 -0.362991
fishery 1987 7.63018  16 0 0.0114684 -0.297397
fishery 1987 7.63018  17 0.0024157 0.0150702 -0.28682
fishery 1987 7.63018  18 0 0.0177221 -0.370926
fishery 1987 7.63018  19 0.0024157 0.0190033 -0.335499
fishery 1987 7.63018  20 0.00483139 0.0191759 -0.288848
fishery 1987 7.63018  21 0 0.0191392 -0.385757
fishery 1987 7.63018  22 0.00724709 0.0198048 -0.248902
fishery 1987 7.63018  23 0.0024157 0.021508 -0.363453
fishery 1987 7.63018  24 0.00724709 0.0247165 -0.310743
fishery 1987 7.63018  25 0.0217413 0.0285102 -0.112329
fishery 1987 7.63018  26 0.0579767 0.0326625 0.393327
fishery 1987 7.63018  27 0.0966279 0.0362578 0.891969
fishery 1987 7.63018  28 0.117701 0.0390855 1.1204
fishery 1987 7.63018  29 0.101459 0.0413999 0.832682
fishery 1987 7.63018  30 0.0869651 0.0439073 0.580434
fishery 1987 7.63018  31 0.106291 0.0467071 0.77991
fishery 1987 7.63018  32 0.132863 0.0501898 1.04584
fishery 1987 7.63018  33 0.108039 0.0535382 0.668721
fishery 1987 7.63018  34 0.055561 0.05642 -0.0102822
fishery 1987 7.63018  35 0.0120785 0.0577604 -0.540855
fishery 1987 7.63018  36 0.00724709 0.0575105 -0.59631
fishery 1987 7.63018  37 0.00483139 0.0550504 -0.608154
fishery 1987 7.63018  38 0 0.0502864 -0.635559
fishery 1987 7.63018  39 0.0640453 0.16612 -0.757554
fishery 1988 15.6419  15 0 0.00490239 -0.277316
fishery 1988 15.6419  16 0.00140962 0.00454341 -0.184093
fishery 1988 15.6419  17 0.00211443 0.00743532 -0.244799
fishery 1988 15.6419  18 0.00422886 0.0109324 -0.254849
fishery 1988 15.6419  19 0.00507803 0.0147209 -0.316561
fishery 1988 15.6419  20 0.00916253 0.0181001 -0.265078
fishery 1988 15.6419  21 0.0204395 0.020774 -0.00927344
fishery 1988 15.6419  22 0.0473666 0.0224102 0.666701
fishery 1988 15.6419  23 0.0579038 0.0234424 0.900612
fishery 1988 15.6419  24 0.0398325 0.0248111 0.381859
fishery 1988 15.6419  25 0.0356386 0.0270248 0.210053
fishery 1988 15.6419  26 0.0503697 0.0306902 0.45119
fishery 1988 15.6419  27 0.0972153 0.0352901 1.32717
fishery 1988 15.6419  28 0.119804 0.040294 1.59892
fishery 1988 15.6419  29 0.137232 0.0446467 1.77281
fishery 1988 15.6419  30 0.101724 0.0485019 0.97974
fishery 1988 15.6419  31 0.0812845 0.0516564 0.529375
fishery 1988 15.6419  32 0.0398451 0.0549896 -0.262726
fishery 1988 15.6419  33 0.0262564 0.0579265 -0.536138
fishery 1988 15.6419  34 0.014923 0.0604489 -0.755466
fishery 1988 15.6419  35 0.00576046 0.061322 -0.915839
fishery 1988 15.6419  36 0.00881107 0.0603634 -0.856036
fishery 1988 15.6419  37 0.0166474 0.0570148 -0.688484
fishery 1988 15.6419  38 0.029854 0.0514366 -0.386401
fishery 1988 15.6419  39 0.0470986 0.166322 -1.26626
fishery 1989 11.0638  15 0 0.00550312 -0.247208
fishery 1989 11.0638  16 0 0.00409305 -0.21298
fishery 1989 11.0638  17 0 0.00588798 -0.255771
fishery 1989 11.0638  18 0 0.00787312 -0.29612
fishery 1989 11.0638  19 0.00121654 0.0102233 -0.297678
fishery 1989 11.0638  20 0 0.0130443 -0.382251
fishery 1989 11.0638  21 0 0.0162702 -0.427641
fishery 1989 11.0638  22 0.00121654 0.0197351 -0.442751
fishery 1989 11.0638  23 0 0.0228316 -0.508325
fishery 1989 11.0638  24 0.00121654 0.0256544 -0.514038
fishery 1989 11.0638  25 0.00608272 0.0280033 -0.441867
fishery 1989 11.0638  26 0.00486618 0.0306411 -0.497377
fishery 1989 11.0638  27 0.0121654 0.0341784 -0.402944
fishery 1989 11.0638  28 0.0158151 0.0390206 -0.398552
fishery 1989 11.0638  29 0.0486618 0.0444109 0.0686291
fishery 1989 11.0638  30 0.0510949 0.0503813 0.0108499
fishery 1989 11.0638  31 0.0377129 0.0552606 -0.255429
fishery 1989 11.0638  32 0.0352798 0.0594572 -0.340044
fishery 1989 11.0638  33 0.0656934 0.0625506 0.0431672
fishery 1989 11.0638  34 0.0583942 0.0643988 -0.0813627
fishery 1989 11.0638  35 0.0693431 0.0644899 0.0657162
fishery 1989 11.0638  36 0.0863747 0.0627054 0.324724
fishery 1989 11.0638  37 0.0888078 0.0583831 0.431581
fishery 1989 11.0638  38 0.113139 0.0519975 0.915904
fishery 1989 11.0638  39 0.30292 0.163005 1.25992
fishery 1991 48.8332  15 0.000263156 0.00516986 -0.477657
fishery 1991 48.8332  16 0.00102277 0.00361465 -0.301389
fishery 1991 48.8332  17 0.000597666 0.00490635 -0.430478
fishery 1991 48.8332  18 0.0015332 0.00604884 -0.406632
fishery 1991 48.8332  19 0.000903206 0.00709694 -0.515249
fishery 1991 48.8332  20 0.00130907 0.00799009 -0.524079
fishery 1991 48.8332  21 0.00114322 0.00922582 -0.590453
fishery 1991 48.8332  22 0.00279774 0.0110539 -0.551564
fishery 1991 48.8332  23 0.00378341 0.0136614 -0.594441
fishery 1991 48.8332  24 0.00581669 0.0176582 -0.628114
fishery 1991 48.8332  25 0.00846544 0.0224267 -0.658764
fishery 1991 48.8332  26 0.0140887 0.0281874 -0.59517
fishery 1991 48.8332  27 0.0222656 0.0341803 -0.45819
fishery 1991 48.8332  28 0.0210334 0.0400869 -0.678676
fishery 1991 48.8332  29 0.0330992 0.0459995 -0.43029
fishery 1991 48.8332  30 0.0365712 0.0525708 -0.500937
fishery 1991 48.8332  31 0.0433834 0.0593506 -0.472199
fishery 1991 48.8332  32 0.0540176 0.0663213 -0.345491
fishery 1991 48.8332  33 0.0760515 0.0717006 0.117842
fishery 1991 48.8332  34 0.100377 0.0746294 0.684619
fishery 1991 48.8332  35 0.118438 0.0737638 1.19427
fishery 1991 48.8332  36 0.116235 0.069773 1.27434
fishery 1991 48.8332  37 0.0942711 0.0629735 0.900288
fishery 1991 48.8332  38 0.0734714 0.0541533 0.596432
fishery 1991 48.8332  39 0.169062 0.157457 0.222652
fishery 1992 74.3943  15 0.000830069 0.00282808 -0.323946
fishery 1992 74.3943  16 0.000327223 0.00228816 -0.353218
fishery 1992 74.3943  17 0.000253685 0.0034831 -0.472115
fishery 1992 74.3943  18 0.000382362 0.00482071 -0.552125
fishery 1992 74.3943  19 0.000246018 0.00619437 -0.653385
fishery 1992 74.3943  20 0.000496151 0.00747802 -0.698538
fishery 1992 74.3943  21 0.000861184 0.0087923 -0.732362
fishery 1992 74.3943  22 0.00138405 0.0101369 -0.753296
fishery 1992 74.3943  23 0.00259067 0.0117225 -0.731468
fishery 1992 74.3943  24 0.00470075 0.0141606 -0.690333
fishery 1992 74.3943  25 0.0101808 0.0177624 -0.494936
fishery 1992 74.3943  26 0.0198451 0.0229158 -0.176958
fishery 1992 74.3943  27 0.0294326 0.0295819 -0.00759855
fishery 1992 74.3943  28 0.0342434 0.0372937 -0.13883
fishery 1992 74.3943  29 0.0438262 0.0452305 -0.0582816
fishery 1992 74.3943  30 0.0599552 0.0535116 0.246932
fishery 1992 74.3943  31 0.0942692 0.0613447 1.18335
fishery 1992 74.3943  32 0.111228 0.0691175 1.43181
fishery 1992 74.3943  33 0.103375 0.0756796 0.903131
fishery 1992 74.3943  34 0.0886363 0.0796239 0.287133
fishery 1992 74.3943  35 0.0761464 0.079519 -0.107516
fishery 1992 74.3943  36 0.0694392 0.0753168 -0.19209
fishery 1992 74.3943  37 0.0647903 0.0672254 -0.0838671
fishery 1992 74.3943  38 0.0526737 0.056839 -0.155153
fishery 1992 74.3943  39 0.129887 0.157134 -0.645744
fishery 1993 71.3422  15 5.85693e-005 0.00143166 -0.305671
fishery 1993 71.3422  16 3.90462e-005 0.0012251 -0.28523
fishery 1993 71.3422  17 0.000136662 0.00194601 -0.345887
fishery 1993 71.3422  18 0.000276372 0.00286009 -0.407939
fishery 1993 71.3422  19 0.000310637 0.00406374 -0.497684
fishery 1993 71.3422  20 0.00091188 0.00549025 -0.522866
fishery 1993 71.3422  21 0.00169217 0.00713146 -0.545605
fishery 1993 71.3422  22 0.00304387 0.00888735 -0.525599
fishery 1993 71.3422  23 0.00582434 0.0107534 -0.403472
fishery 1993 71.3422  24 0.00791071 0.0130204 -0.380574
fishery 1993 71.3422  25 0.0117213 0.015664 -0.268104
fishery 1993 71.3422  26 0.0137517 0.0194506 -0.348464
fishery 1993 71.3422  27 0.022326 0.0249474 -0.141938
fishery 1993 71.3422  28 0.040583 0.03259 0.380164
fishery 1993 71.3422  29 0.0623293 0.0415784 0.877905
fishery 1993 71.3422  30 0.0722077 0.0521455 0.762137
fishery 1993 71.3422  31 0.0844034 0.062373 0.769397
fishery 1993 71.3422  32 0.101935 0.0720774 0.975085
fishery 1993 71.3422  33 0.110941 0.079771 0.971676
fishery 1993 71.3422  34 0.103675 0.0847362 0.574365
fishery 1993 71.3422  35 0.0883833 0.0852084 0.0960468
fishery 1993 71.3422  36 0.0737728 0.0810391 -0.22489
fishery 1993 71.3422  37 0.0577862 0.0722168 -0.470855
fishery 1993 71.3422  38 0.0438843 0.060481 -0.588031
fishery 1993 71.3422  39 0.0920956 0.158912 -1.54363
fishery 1994 45.3996  15 0 0.000620201 -0.166516
fishery 1994 45.3996  16 0 0.000546935 -0.1562
fishery 1994 45.3996  17 0 0.000928242 -0.204284
fishery 1994 45.3996  18 0 0.00145041 -0.255916
fishery 1994 45.3996  19 0.00030373 0.00219523 -0.271697
fishery 1994 45.3996  20 0.000217137 0.00321754 -0.356428
fishery 1994 45.3996  21 0.000144016 0.00463332 -0.44494
fishery 1994 45.3996  22 0.00117106 0.00647459 -0.445207
fishery 1994 45.3996  23 0.00134333 0.00864155 -0.530985
fishery 1994 45.3996  24 0.0037834 0.0113343 -0.48041
fishery 1994 45.3996  25 0.00810079 0.0141556 -0.345227
fishery 1994 45.3996  26 0.0151626 0.0175841 -0.124104
fishery 1994 45.3996  27 0.0245438 0.0222078 0.10679
fishery 1994 45.3996  28 0.0359373 0.0285429 0.299153
fishery 1994 45.3996  29 0.041548 0.037017 0.16168
fishery 1994 45.3996  30 0.0629102 0.0481966 0.462829
fishery 1994 45.3996  31 0.0872537 0.060457 0.757515
fishery 1994 45.3996  32 0.101036 0.0729671 0.727132
fishery 1994 45.3996  33 0.108078 0.0834215 0.600779
fishery 1994 45.3996  34 0.104799 0.0900799 0.34639
fishery 1994 45.3996  35 0.0963879 0.0913064 0.118862
fishery 1994 45.3996  36 0.0765971 0.0873088 -0.255665
fishery 1994 45.3996  37 0.0659677 0.0779666 -0.301518
fishery 1994 45.3996  38 0.0509567 0.0651084 -0.386458
fishery 1994 45.3996  39 0.113758 0.163638 -0.90845
fishery 1995 41.203  15 0.000365757 0.000625317 -0.0661219
fishery 1995 41.203  16 0.000146303 0.000472342 -0.095315
fishery 1995 41.203  17 0.000219454 0.000705315 -0.11665
fishery 1995 41.203  18 0.000939261 0.000977336 -0.0077819
fishery 1995 41.203  19 0.00149151 0.00137297 0.0204765
fishery 1995 41.203  20 0.00137817 0.00187267 -0.0732233
fishery 1995 41.203  21 0.00123586 0.00270298 -0.181049
fishery 1995 41.203  22 0.00297207 0.00395033 -0.0999799
fishery 1995 41.203  23 0.00584196 0.0057342 0.00915232
fishery 1995 41.203  24 0.00518887 0.00829649 -0.219783
fishery 1995 41.203  25 0.00480634 0.0113867 -0.397937
fishery 1995 41.203  26 0.0052502 0.0154325 -0.530068
fishery 1995 41.203  27 0.0113056 0.0200287 -0.399573
fishery 1995 41.203  28 0.0164272 0.0258756 -0.381937
fishery 1995 41.203  29 0.0273414 0.0333967 -0.216302
fishery 1995 41.203  30 0.0313924 0.0437885 -0.388819
fishery 1995 41.203  31 0.0547641 0.0564884 -0.0479392
fishery 1995 41.203  32 0.0822771 0.07087 0.285327
fishery 1995 41.203  33 0.121525 0.0841436 0.864324
fishery 1995 41.203  34 0.150882 0.0939741 1.25183
fishery 1995 41.203  35 0.130012 0.0974838 0.703893
fishery 1995 41.203  36 0.113023 0.0942447 0.412531
fishery 1995 41.203  37 0.0793157 0.0845592 -0.120968
fishery 1995 41.203  38 0.0532351 0.0704679 -0.432177
fishery 1995 41.203  39 0.0986639 0.17115 -1.23532
fishery 1996 48.4516  15 5.70909e-005 0.000493357 -0.135387
fishery 1996 48.4516  16 0 0.000384505 -0.134777
fishery 1996 48.4516  17 0 0.000577528 -0.165898
fishery 1996 48.4516  18 0.000441992 0.000794988 -0.0866371
fishery 1996 48.4516  19 0.000384901 0.00106066 -0.143831
fishery 1996 48.4516  20 0.000353884 0.0013505 -0.188204
fishery 1996 48.4516  21 0.000301083 0.00183159 -0.248481
fishery 1996 48.4516  22 0.000517137 0.00254318 -0.279459
fishery 1996 48.4516  23 0.000707013 0.00361826 -0.337034
fishery 1996 48.4516  24 0.0010841 0.00545513 -0.412694
fishery 1996 48.4516  25 0.0010961 0.00807421 -0.54242
fishery 1996 48.4516  26 0.00273138 0.0117378 -0.581829
fishery 1996 48.4516  27 0.00752667 0.0168929 -0.505756
fishery 1996 48.4516  28 0.0144915 0.0230643 -0.397447
fishery 1996 48.4516  29 0.022867 0.0306493 -0.314227
fishery 1996 48.4516  30 0.036148 0.0405478 -0.155255
fishery 1996 48.4516  31 0.0479392 0.0526044 -0.145447
fishery 1996 48.4516  32 0.0693673 0.0673536 0.0559204
fishery 1996 48.4516  33 0.0939053 0.0825793 0.286408
fishery 1996 48.4516  34 0.111076 0.0954877 0.369188
fishery 1996 48.4516  35 0.11211 0.102043 0.231477
fishery 1996 48.4516  36 0.106855 0.100836 0.139132
fishery 1996 48.4516  37 0.10164 0.0915431 0.243689
fishery 1996 48.4516  38 0.0884634 0.0766314 0.309596
fishery 1996 48.4516  39 0.179937 0.181845 -0.034441
fishery 1997 39.2954  15 0 0.00120111 -0.216483
fishery 1997 39.2954  16 0 0.000837539 -0.180418
fishery 1997 39.2954  17 0 0.0011331 -0.210207
fishery 1997 39.2954  18 0 0.00138605 -0.232703
fishery 1997 39.2954  19 0 0.00158113 -0.248675
fishery 1997 39.2954  20 0 0.00171678 -0.259204
fishery 1997 39.2954  21 0 0.00189675 -0.272551
fishery 1997 39.2954  22 0 0.00217264 -0.291838
fishery 1997 39.2954  23 0 0.00269764 -0.325423
fishery 1997 39.2954  24 0 0.00376185 -0.384694
fishery 1997 39.2954  25 0.00010333 0.00544946 -0.454804
fishery 1997 39.2954  26 0.000664947 0.0083012 -0.527269
fishery 1997 39.2954  27 0.00215091 0.0125158 -0.584211
fishery 1997 39.2954  28 0.00569553 0.0188044 -0.604804
fishery 1997 39.2954  29 0.0107246 0.0265703 -0.617521
fishery 1997 39.2954  30 0.0245752 0.0370192 -0.413097
fishery 1997 39.2954  31 0.0554073 0.0492164 0.179385
fishery 1997 39.2954  32 0.0879574 0.0639188 0.615996
fishery 1997 39.2954  33 0.120492 0.0798253 0.940555
fishery 1997 39.2954  34 0.122113 0.0943336 0.595745
fishery 1997 39.2954  35 0.126801 0.103932 0.469727
fishery 1997 39.2954  36 0.111007 0.105532 0.111695
fishery 1997 39.2954  37 0.0925799 0.0978742 -0.111685
fishery 1997 39.2954  38 0.0726534 0.0831742 -0.238813
fishery 1997 39.2954  39 0.167074 0.195148 -0.444044
fishery 1999 24.4166  15 0.000225258 0.00176671 -0.180863
fishery 1999 24.4166  16 0.000268028 0.00126936 -0.138421
fishery 1999 24.4166  17 0 0.00176081 -0.206944
fishery 1999 24.4166  18 0.000675774 0.0022245 -0.162074
fishery 1999 24.4166  19 0.000971869 0.00263123 -0.159755
fishery 1999 24.4166  20 0 0.00297815 -0.269611
fishery 1999 24.4166  21 0.000703842 0.00328819 -0.222727
fishery 1999 24.4166  22 0.00280262 0.00358594 -0.0646631
fishery 1999 24.4166  23 0.00177462 0.0038664 -0.166337
fishery 1999 24.4166  24 0.00429451 0.00425633 0.00289428
fishery 1999 24.4166  25 0.00605576 0.00467378 0.100015
fishery 1999 24.4166  26 0.00602903 0.00567556 0.0232297
fishery 1999 24.4166  27 0.00515544 0.00739782 -0.129217
fishery 1999 24.4166  28 0.00426911 0.0107357 -0.309918
fishery 1999 24.4166  29 0.0125908 0.0164477 -0.149795
fishery 1999 24.4166  30 0.0126911 0.0258281 -0.40916
fishery 1999 24.4166  31 0.0263371 0.0385165 -0.312693
fishery 1999 24.4166  32 0.0489048 0.0546414 -0.124709
fishery 1999 24.4166  33 0.0754078 0.0727145 0.0512489
fishery 1999 24.4166  34 0.0980775 0.0903893 0.132481
fishery 1999 24.4166  35 0.124316 0.103931 0.330051
fishery 1999 24.4166  36 0.132689 0.110339 0.352483
fishery 1999 24.4166  37 0.127575 0.107057 0.327889
fishery 1999 24.4166  38 0.101532 0.0946977 0.115338
fishery 1999 24.4166  39 0.206653 0.229327 -0.266504
fishery 2010 33.9543  15 0.00015898 0.000733309 -0.122796
fishery 2010 33.9543  16 0 0.000592763 -0.14073
fishery 2010 33.9543  17 0 0.000918869 -0.175762
fishery 2010 33.9543  18 0 0.001321 -0.21113
fishery 2010 33.9543  19 0.000317537 0.0018322 -0.205824
fishery 2010 33.9543  20 0.000688496 0.00246999 -0.208711
fishery 2010 33.9543  21 0.000696614 0.00324123 -0.260467
fishery 2010 33.9543  22 0.00139835 0.00412918 -0.247848
fishery 2010 33.9543  23 0.00157314 0.00503501 -0.284725
fishery 2010 33.9543  24 0.00323987 0.00606111 -0.211629
fishery 2010 33.9543  25 0.0033822 0.00701596 -0.253503
fishery 2010 33.9543  26 0.00314718 0.00829302 -0.330443
fishery 2010 33.9543  27 0.00495281 0.0104406 -0.314453
fishery 2010 33.9543  28 0.00418998 0.0138414 -0.481194
fishery 2010 33.9543  29 0.0060922 0.0191873 -0.55609
fishery 2010 33.9543  30 0.0097604 0.0274269 -0.630191
fishery 2010 33.9543  31 0.0217127 0.0378814 -0.493444
fishery 2010 33.9543  32 0.0416476 0.0508041 -0.242945
fishery 2010 33.9543  33 0.0677162 0.0646694 0.0721811
fishery 2010 33.9543  34 0.0883412 0.07828 0.218246
fishery 2010 33.9543  35 0.0974371 0.0888306 0.176267
fishery 2010 33.9543  36 0.100329 0.0949774 0.106365
fishery 2010 33.9543  37 0.0958761 0.0948319 0.0207668
fishery 2010 33.9543  38 0.0912698 0.0884565 0.0577272
fishery 2010 33.9543  39 0.356072 0.288729 0.865915
fishery 2012 44.6366  15 0 0.000903453 -0.199805
fishery 2012 44.6366  16 0.000190217 0.000789045 -0.141591
fishery 2012 44.6366  17 8.82823e-005 0.00125754 -0.219558
fishery 2012 44.6366  18 0.000359955 0.00181756 -0.228006
fishery 2012 44.6366  19 0.000977932 0.00245833 -0.199324
fishery 2012 44.6366  20 0.00108669 0.00308259 -0.240157
fishery 2012 44.6366  21 0.00326925 0.00374183 -0.051644
fishery 2012 44.6366  22 0.00245792 0.00441859 -0.197279
fishery 2012 44.6366  23 0.00114767 0.00519884 -0.376001
fishery 2012 44.6366  24 0.00182049 0.00634203 -0.380241
fishery 2012 44.6366  25 0.00232433 0.00783698 -0.417412
fishery 2012 44.6366  26 0.00402679 0.00979278 -0.391007
fishery 2012 44.6366  27 0.00612208 0.0123394 -0.37612
fishery 2012 44.6366  28 0.00801182 0.0152389 -0.394028
fishery 2012 44.6366  29 0.00803332 0.0187769 -0.52867
fishery 2012 44.6366  30 0.012333 0.0242078 -0.516096
fishery 2012 44.6366  31 0.0198201 0.0319088 -0.459455
fishery 2012 44.6366  32 0.0270272 0.0434564 -0.538315
fishery 2012 44.6366  33 0.0439705 0.0578467 -0.397085
fishery 2012 44.6366  34 0.0614618 0.0738241 -0.315845
fishery 2012 44.6366  35 0.082956 0.0876745 -0.111461
fishery 2012 44.6366  36 0.0961826 0.0966447 -0.0104486
fishery 2012 44.6366  37 0.11143 0.0982978 0.294677
fishery 2012 44.6366  38 0.10503 0.0925598 0.287454
fishery 2012 44.6366  39 0.399873 0.299584 1.4627
fishery 2014 48.4516  15 0.000278317 0.00131907 -0.198846
fishery 2014 48.4516  16 0.000127173 0.000953783 -0.185428
fishery 2014 48.4516  17 0.000413056 0.00135684 -0.177814
fishery 2014 48.4516  18 0.000502229 0.00176651 -0.208978
fishery 2014 48.4516  19 0.000453859 0.00218773 -0.257728
fishery 2014 48.4516  20 0.000571808 0.00265735 -0.281458
fishery 2014 48.4516  21 0.000941782 0.00329353 -0.285282
fishery 2014 48.4516  22 0.00109572 0.00418345 -0.332599
fishery 2014 48.4516  23 0.00170391 0.0053632 -0.348421
fishery 2014 48.4516  24 0.00190386 0.00693295 -0.421584
fishery 2014 48.4516  25 0.00253856 0.00869377 -0.461255
fishery 2014 48.4516  26 0.004953 0.0107949 -0.393329
fishery 2014 48.4516  27 0.00642781 0.0134676 -0.424967
fishery 2014 48.4516  28 0.00761457 0.0169216 -0.502139
fishery 2014 48.4516  29 0.00974162 0.0211075 -0.550265
fishery 2014 48.4516  30 0.0138443 0.0268164 -0.558841
fishery 2014 48.4516  31 0.0253547 0.0335293 -0.316049
fishery 2014 48.4516  32 0.0367856 0.0424802 -0.19652
fishery 2014 48.4516  33 0.0513723 0.0533777 -0.0620922
fishery 2014 48.4516  34 0.0710204 0.066918 0.11427
fishery 2014 48.4516  35 0.0923008 0.0804144 0.304241
fishery 2014 48.4516  36 0.10138 0.0914873 0.238834
fishery 2014 48.4516  37 0.116904 0.0964269 0.482866
fishery 2014 48.4516  38 0.115317 0.0936658 0.51723
fishery 2014 48.4516  39 0.336453 0.313884 0.338519
fishery 2016 48.0701  15 0.000185918 0.00120015 -0.202264
fishery 2016 48.0701  16 6.88682e-005 0.000955253 -0.197901
fishery 2016 48.0701  17 5.73891e-005 0.00144038 -0.25196
fishery 2016 48.0701  18 0.000137736 0.00199486 -0.287854
fishery 2016 48.0701  19 0.000197398 0.00261856 -0.327849
fishery 2016 48.0701  20 0.000128529 0.00327901 -0.381502
fishery 2016 48.0701  21 0.000802553 0.00401225 -0.351594
fishery 2016 48.0701  22 0.0015035 0.00479256 -0.329852
fishery 2016 48.0701  23 0.00204057 0.00563142 -0.332406
fishery 2016 48.0701  24 0.00185907 0.00676443 -0.414618
fishery 2016 48.0701  25 0.00214283 0.00826707 -0.468658
fishery 2016 48.0701  26 0.00248593 0.0104893 -0.544404
fishery 2016 48.0701  27 0.00370237 0.0135443 -0.590123
fishery 2016 48.0701  28 0.00851756 0.0174979 -0.474732
fishery 2016 48.0701  29 0.0144305 0.022376 -0.37238
fishery 2016 48.0701  30 0.0239415 0.028678 -0.196726
fishery 2016 48.0701  31 0.0389878 0.0359623 0.112643
fishery 2016 48.0701  32 0.0528706 0.045169 0.257094
fishery 2016 48.0701  33 0.0658765 0.055367 0.318584
fishery 2016 48.0701  34 0.0771534 0.0665986 0.293486
fishery 2016 48.0701  35 0.0949384 0.0774352 0.454005
fishery 2016 48.0701  36 0.10355 0.0862981 0.425938
fishery 2016 48.0701  37 0.101453 0.0909302 0.253734
fishery 2016 48.0701  38 0.093474 0.0897468 0.0904081
fishery 2016 48.0701  39 0.309494 0.318951 -0.140679
fishery 2018 59.8969  15 0.00071492 0.00136995 -0.136563
fishery 2018 59.8969  16 0.00031379 0.00112959 -0.187137
fishery 2018 59.8969  17 3.56862e-005 0.00174464 -0.316024
fishery 2018 59.8969  18 0.000142745 0.00245792 -0.361124
fishery 2018 59.8969  19 0.000271553 0.00325626 -0.404845
fishery 2018 59.8969  20 0.000578128 0.00406218 -0.423408
fishery 2018 59.8969  21 0.00075127 0.00491247 -0.460152
fishery 2018 59.8969  22 0.00189404 0.00580223 -0.397898
fishery 2018 59.8969  23 0.00387874 0.0067705 -0.272716
fishery 2018 59.8969  24 0.00503977 0.00804439 -0.260155
fishery 2018 59.8969  25 0.00422428 0.00946684 -0.418776
fishery 2018 59.8969  26 0.00385704 0.011349 -0.547152
fishery 2018 59.8969  27 0.0057182 0.0138084 -0.536356
fishery 2018 59.8969  28 0.00854232 0.0171617 -0.513493
fishery 2018 59.8969  29 0.0126601 0.0215549 -0.473912
fishery 2018 59.8969  30 0.0174994 0.0279815 -0.491814
fishery 2018 59.8969  31 0.0287359 0.0357673 -0.292989
fishery 2018 59.8969  32 0.0531651 0.0455797 0.281436
fishery 2018 59.8969  33 0.0780935 0.0563689 0.72895
fishery 2018 59.8969  34 0.092052 0.0676387 0.75233
fishery 2018 59.8969  35 0.0983251 0.0776627 0.597458
fishery 2018 59.8969  36 0.100958 0.0851726 0.437636
fishery 2018 59.8969  37 0.105845 0.0883596 0.476767
fishery 2018 59.8969  38 0.092117 0.0865199 0.154075
fishery 2018 59.8969  39 0.284587 0.316058 -0.523865
fishery 2022 59.8969  15 0.000389897 0.0024894 -0.32542
fishery 2022 59.8969  16 0.000164296 0.00170868 -0.288559
fishery 2022 59.8969  17 0.00046437 0.00230678 -0.296586
fishery 2022 59.8969  18 0.000784089 0.00281557 -0.296194
fishery 2022 59.8969  19 0.00105746 0.00320949 -0.294007
fishery 2022 59.8969  20 0.00118816 0.0035586 -0.307651
fishery 2022 59.8969  21 0.0019751 0.00411125 -0.258057
fishery 2022 59.8969  22 0.00384391 0.0050493 -0.131489
fishery 2022 59.8969  23 0.00329366 0.00646256 -0.305832
fishery 2022 59.8969  24 0.00424348 0.00854537 -0.3615
fishery 2022 59.8969  25 0.00586466 0.0110871 -0.385826
fishery 2022 59.8969  26 0.00793777 0.0141568 -0.407276
fishery 2022 59.8969  27 0.0112074 0.0176849 -0.38024
fishery 2022 59.8969  28 0.0165241 0.021717 -0.275663
fishery 2022 59.8969  29 0.0189001 0.0261266 -0.350555
fishery 2022 59.8969  30 0.0225843 0.031683 -0.401967
fishery 2022 59.8969  31 0.0329149 0.0379109 -0.202433
fishery 2022 59.8969  32 0.0458166 0.0455985 0.0080915
fishery 2022 59.8969  33 0.0573998 0.0543841 0.102908
fishery 2022 59.8969  34 0.0671253 0.0641942 0.0925465
fishery 2022 59.8969  35 0.0831876 0.073525 0.286505
fishery 2022 59.8969  36 0.0952859 0.0811354 0.401068
fishery 2022 59.8969  37 0.0988313 0.0846997 0.392777
fishery 2022 59.8969  38 0.0954896 0.0832131 0.343972
fishery 2022 59.8969  39 0.323526 0.312627 0.181969
