BSAI_pop
0 # SSL Species???
0 # Constant buffer of Dorn
1 # Number of fsheries
1 # Number of sexes??
0.0894943 #  average 5 yr f 
1 # author f
0.4 # ABC SPR
0.35 # MSY SPR
4 # Spawnmo
38 # Number of ages
1 # Fratio
 # Natural mortality 
 0.0480453 0.0480453 0.0480453 0.0480453 0.0480453 0.0480453 0.0480453 0.0480453 0.0480453 0.0480453 0.0480453 0.0480453 0.0480453 0.0480453 0.0480453 0.0480453 0.0480453 0.0480453 0.0480453 0.0480453 0.0480453 0.0480453 0.0480453 0.0480453 0.0480453 0.0480453 0.0480453 0.0480453 0.0480453 0.0480453 0.0480453 0.0480453 0.0480453 0.0480453 0.0480453 0.0480453 0.0480453 0.0480453
 # Maturity 
 0.011765 0.0240383 0.0484869 0.0953715 0.17906 0.310944 0.482833 0.658883 0.799847 0.892098 0.944766 0.972519 0.986526 0.993442 0.996819 0.99846 0.999255 0.99964 0.999826 0.999916 0.999959 0.99998 0.99999 0.999995 0.999998 0.999999 0.999999 1 1 1 1 1 1 1 1 1 1 1
 # Wt Spawn 
 94 146 203 265 327 389 448 505 558 607 653 694 731 765 795 822 846 868 887 904 919 932 944 954 963 971 977 983 988 992 996 999 1002 1004 1005 1007 1008 1013
 # Wt Fish 
 94 146 203 265 327 389 448 505 558 607 653 694 731 765 795 822 846 868 887 904 919 932 944 954 963 971 977 983 988 992 996 999 1002 1004 1005 1007 1008 1013
 # selectivity 
 0.115623 0.154158 0.204587 0.268929 0.348413 0.442687 0.548894 0.660858 0.768762 0.859757 0.920607 0.947179 0.943431 0.916616 0.875276 0.827692 0.780991 0.740911 0.712066 0.698387 0.700239 0.714972 0.740348 0.774279 0.814486 0.858227 0.90211 0.942021 0.97323 0.992437 0.999997 0.997126 0.985383 0.966523 0.94237 0.914706 0.885202 0.855369
 # natage 
 76.9729 72.513 68.1796 19.3791 18.4927 78.3237 34.6552 68.0119 34.0983 42.4236 42.2734 22.7922 18.888 52.0983 17.4946 18.0189 32.1694 24.5045 6.63586 14.7414 5.39163 36.3859 7.14064 20.5972 4.85043 20.3159 8.44538 10.2309 2.90569 3.18719 1.89359 3.58023 5.43392 9.50651 2.44301 5.25579 1.87968 27.778
 # Nrec 
42
 # rec 
 39.9697 24.5256 47.2676 83.5872 99.5656 58.6084 45.4468 245.974 45.4492 115.743 48.9581 172.799 89.9723 53.9398 25.9581 39.8144 33.1251 106.638 80.7382 178.739 39.3878 154.839 49.7908 235.512 32.3776 82.0133 34.103 115.817 139.057 70.8188 62.1329 166.2 53.8613 57.9649 95.8695 86.0817 62.2859 112.691 52.5005 109.295 23.9035 23.3476
 # ssb 
 67934.9 64961.7 63301.5 62341.2 62335.5 62919.4 64962.6 67647.6 71075.8 75578.3 80989.3 87379.4 95093.1 102754 109160 119836 129960 140287 152125 163418 172959 182432 190796 196207 201160 205699 210277 215875 224527 234795 244325 252464 261066 269150 274069 275418 275390 272912 270330 268000 265316 261494
