 index year n comp_unit obs pred pearson
AI_survey 1991 167.336  3 0.0267643 0.020596 0.561669
AI_survey 1991 167.336  4 0.0235792 0.0177428 0.571738
AI_survey 1991 167.336  5 0.0458671 0.0451325 0.045775
AI_survey 1991 167.336  6 0.0500069 0.0698391 -1.00648
AI_survey 1991 167.336  7 0.209272 0.169282 1.37944
AI_survey 1991 167.336  8 0.0946267 0.0867567 0.36166
AI_survey 1991 167.336  9 0.0755436 0.0754442 0.00486924
AI_survey 1991 167.336  10 0.111214 0.0968162 0.629813
AI_survey 1991 167.336  11 0.0472233 0.0818552 -1.63406
AI_survey 1991 167.336  12 0.0558384 0.0515217 0.252577
AI_survey 1991 167.336  13 0.0411151 0.033231 0.568916
AI_survey 1991 167.336  14 0.0367047 0.0303848 0.476215
AI_survey 1991 167.336  15 0.0134379 0.0271318 -1.09013
AI_survey 1991 167.336  16 0.00214396 0.0187239 -1.58187
AI_survey 1991 167.336  17 0.00237372 0.0132948 -1.23301
AI_survey 1991 167.336  18 0.00260942 0.0124522 -1.14773
AI_survey 1991 167.336  19 0.00281155 0.0130197 -1.16445
AI_survey 1991 167.336  20 0.00321176 0.0125412 -1.08405
AI_survey 1991 167.336  21 0.00143772 0.0106175 -1.15806
AI_survey 1991 167.336  22 0 0.00805782 -1.16518
AI_survey 1991 167.336  23 0.00251528 0.00589946 -0.571165
AI_survey 1991 167.336  24 0.00681028 0.0046319 0.414563
AI_survey 1991 167.336  25 0.00387777 0.00394742 -0.0143502
AI_survey 1991 167.336  26 0 0.0036767 -0.784758
AI_survey 1991 167.336  27 0.0045178 0.00403602 0.0981769
AI_survey 1991 167.336  28 0.00207745 0.00486663 -0.517933
AI_survey 1991 167.336  29 0.00308604 0.00534204 -0.399981
AI_survey 1991 167.336  30 0 0.00478365 -0.89591
AI_survey 1991 167.336  31 0.00398628 0.00347851 0.111403
AI_survey 1991 167.336  32 0.00496519 0.0022515 0.739004
AI_survey 1991 167.336  33 0.00150405 0.00153334 -0.00964963
AI_survey 1991 167.336  34 0.00218975 0.00118889 0.374144
AI_survey 1991 167.336  35 0 0.000955472 -0.397972
AI_survey 1991 167.336  36 0.00110536 0.000738397 0.173588
AI_survey 1991 167.336  37 0.00254308 0.000558708 1.07671
AI_survey 1991 167.336  38 0.00281155 0.000518563 1.29051
AI_survey 1991 167.336  39 0.00103872 0.000682676 0.175061
AI_survey 1991 167.336  40 0.11119 0.056469 3.06641
AI_survey 1994 151.648  3 0.00264887 0.00355954 -0.188041
AI_survey 1994 151.648  4 0.00919764 0.0134256 -0.452227
AI_survey 1994 151.648  5 0.0293964 0.043034 -0.827479
AI_survey 1994 151.648  6 0.0622371 0.0852154 -1.01343
AI_survey 1994 151.648  7 0.0822603 0.0628927 0.982354
AI_survey 1994 151.648  8 0.099726 0.0834616 0.724127
AI_survey 1994 151.648  9 0.0995231 0.095581 0.165102
AI_survey 1994 151.648  10 0.165697 0.142693 0.80995
AI_survey 1994 151.648  11 0.0605127 0.0843523 -1.05629
AI_survey 1994 151.648  12 0.0744278 0.0555083 1.01745
AI_survey 1994 151.648  13 0.0601839 0.0611224 -0.0482444
AI_survey 1994 151.648  14 0.0295026 0.0512938 -1.21636
AI_survey 1994 151.648  15 0.0339615 0.033134 0.0569256
AI_survey 1994 151.648  16 0.0381025 0.0216959 1.38648
AI_survey 1994 151.648  17 0.0254175 0.018488 0.63331
AI_survey 1994 151.648  18 0.0185436 0.0161575 0.232985
AI_survey 1994 151.648  19 0.00444551 0.0118788 -0.844557
AI_survey 1994 151.648  20 0.00977925 0.00879424 0.129848
AI_survey 1994 151.648  21 0.00444129 0.00808005 -0.50022
AI_survey 1994 151.648  22 0.00293109 0.00826797 -0.725354
AI_survey 1994 151.648  23 0.00620716 0.00797137 -0.244158
AI_survey 1994 151.648  24 0.00256362 0.00685133 -0.63964
AI_survey 1994 151.648  25 0.00215006 0.00533656 -0.538097
AI_survey 1994 151.648  26 0.00489018 0.00400148 0.173139
AI_survey 1994 151.648  27 0.00488993 0.00314184 0.384046
AI_survey 1994 151.648  28 0.00339267 0.0026816 0.16901
AI_survey 1994 151.648  29 0.00495826 0.00254077 0.590204
AI_survey 1994 151.648  30 0.00121133 0.00275426 -0.361891
AI_survey 1994 151.648  31 0.00198121 0.00317418 -0.260762
AI_survey 1994 151.648  32 0.00254663 0.00338295 -0.17711
AI_survey 1994 151.648  33 0.00320655 0.00305863 0.0329333
AI_survey 1994 151.648  34 0.000683161 0.00232622 -0.419106
AI_survey 1994 151.648  35 0.000966931 0.00158331 -0.19031
AI_survey 1994 151.648  36 0.00193512 0.00109255 0.312652
AI_survey 1994 151.648  37 0.00115138 0.00082779 0.13773
AI_survey 1994 151.648  38 0.00201756 0.000708122 0.601952
AI_survey 1994 151.648  39 0.000631028 0.000706266 -0.034632
AI_survey 1994 151.648  40 0.0416812 0.0392251 0.155781
AI_survey 1997 183.024  3 0.0200808 0.0106856 1.23565
AI_survey 1997 183.024  4 0.0105349 0.00807584 0.371462
AI_survey 1997 183.024  5 0.0141637 0.0141211 0.00488467
AI_survey 1997 183.024  6 0.0281022 0.0199994 0.782813
AI_survey 1997 183.024  7 0.0478035 0.0461122 0.109086
AI_survey 1997 183.024  8 0.0952138 0.0903907 0.227543
AI_survey 1997 183.024  9 0.139196 0.118622 0.860779
AI_survey 1997 183.024  10 0.116381 0.0808518 1.76309
AI_survey 1997 183.024  11 0.118905 0.0746409 2.27843
AI_survey 1997 183.024  12 0.0646075 0.0829852 -0.901224
AI_survey 1997 183.024  13 0.0896336 0.0992285 -0.434159
AI_survey 1997 183.024  14 0.035363 0.067625 -1.73807
AI_survey 1997 183.024  15 0.0271009 0.0433828 -1.08114
AI_survey 1997 183.024  16 0.0213526 0.042308 -1.40823
AI_survey 1997 183.024  17 0.0277823 0.0359236 -0.59176
AI_survey 1997 183.024  18 0.0125296 0.0244777 -1.04583
AI_survey 1997 183.024  19 0.00935576 0.0165736 -0.764632
AI_survey 1997 183.024  20 0.0163271 0.0135588 0.323719
AI_survey 1997 183.024  21 0.0129195 0.0116406 0.161235
AI_survey 1997 183.024  22 0.00763803 0.00897408 -0.191557
AI_survey 1997 183.024  23 0.0047469 0.00690583 -0.352433
AI_survey 1997 183.024  24 0.00222508 0.00622688 -0.687677
AI_survey 1997 183.024  25 0.00158541 0.0062022 -0.794923
AI_survey 1997 183.024  26 0.0078552 0.0059371 0.337494
AI_survey 1997 183.024  27 0.00433992 0.00515712 -0.1542
AI_survey 1997 183.024  28 0.00117309 0.00409933 -0.618831
AI_survey 1997 183.024  29 0.00314951 0.00313281 0.00403664
AI_survey 1997 183.024  30 0.00285205 0.00247112 0.103589
AI_survey 1997 183.024  31 0.00480853 0.00211373 0.791941
AI_survey 1997 183.024  32 0.00522099 0.00201614 0.964198
AI_survey 1997 183.024  33 0.000626804 0.00215107 -0.444069
AI_survey 1997 183.024  34 0.00169868 0.00239077 -0.191323
AI_survey 1997 183.024  35 0.000546288 0.00248923 -0.526446
AI_survey 1997 183.024  36 0.00210081 0.00227174 -0.0484641
AI_survey 1997 183.024  37 0.00327572 0.00179631 0.471347
AI_survey 1997 183.024  38 0.00114594 0.00132143 -0.0651098
AI_survey 1997 183.024  39 0 0.00105185 -0.436924
AI_survey 1997 183.024  40 0.0376585 0.0320877 0.427576
AI_survey 2000 183.024  3 0.0173721 0.00728397 1.60387
AI_survey 2000 183.024  4 0.0495964 0.0336822 1.19321
AI_survey 2000 183.024  5 0.0473867 0.03597 0.829317
AI_survey 2000 183.024  6 0.0635768 0.0521508 0.695199
AI_survey 2000 183.024  7 0.0276385 0.0333763 -0.432108
AI_survey 2000 183.024  8 0.0504418 0.0316766 1.44932
AI_survey 2000 183.024  9 0.0274793 0.0323777 -0.374341
AI_survey 2000 183.024  10 0.0680719 0.0518193 0.99185
AI_survey 2000 183.024  11 0.0787976 0.0831916 -0.21523
AI_survey 2000 183.024  12 0.135666 0.0956461 1.84079
AI_survey 2000 183.024  13 0.0516208 0.0705115 -0.998206
AI_survey 2000 183.024  14 0.0521243 0.059512 -0.422426
AI_survey 2000 183.024  15 0.0395737 0.064961 -1.39347
AI_survey 2000 183.024  16 0.0467571 0.0699532 -1.23022
AI_survey 2000 183.024  17 0.028805 0.0524483 -1.43468
AI_survey 2000 183.024  18 0.0190933 0.0354038 -1.19389
AI_survey 2000 183.024  19 0.0224114 0.0314905 -0.70322
AI_survey 2000 183.024  20 0.021309 0.0268653 -0.464816
AI_survey 2000 183.024  21 0.0108244 0.0192838 -0.831979
AI_survey 2000 183.024  22 0.0110573 0.0134792 -0.28403
AI_survey 2000 183.024  23 0.0145527 0.0107175 0.503657
AI_survey 2000 183.024  24 0.00609345 0.00901851 -0.418359
AI_survey 2000 183.024  25 0.00648161 0.0071639 -0.109372
AI_survey 2000 183.024  26 0.00342019 0.00567229 -0.405337
AI_survey 2000 183.024  27 0.00195956 0.00503266 -0.586946
AI_survey 2000 183.024  28 0.00293122 0.00487225 -0.376739
AI_survey 2000 183.024  29 0.00370235 0.00461535 -0.182038
AI_survey 2000 183.024  30 0.00902341 0.00403914 1.06183
AI_survey 2000 183.024  31 0.00130457 0.00326833 -0.464759
AI_survey 2000 183.024  32 0.0017625 0.00254416 -0.209509
AI_survey 2000 183.024  33 0.00194806 0.00202381 -0.0227474
AI_survey 2000 183.024  34 0.00509874 0.00173662 1.0893
AI_survey 2000 183.024  35 0.00521747 0.00165686 1.18084
AI_survey 2000 183.024  36 0.00468313 0.00174184 0.951532
AI_survey 2000 183.024  37 0.00402159 0.00188482 0.664722
AI_survey 2000 183.024  38 7.10415e-005 0.00196008 -0.576343
AI_survey 2000 183.024  39 0.00224808 0.00189301 0.11022
AI_survey 2000 183.024  40 0.0558774 0.0290759 2.15765
AI_survey 2002 94.1265  3 0.0207811 0.00767715 1.45563
AI_survey 2002 94.1265  4 0.0672494 0.0268172 2.42773
AI_survey 2002 94.1265  5 0.0411937 0.02815 0.764969
AI_survey 2002 94.1265  6 0.0562695 0.0813551 -0.890206
AI_survey 2002 94.1265  7 0.0638816 0.0709234 -0.266131
AI_survey 2002 94.1265  8 0.0598368 0.0705258 -0.405013
AI_survey 2002 94.1265  9 0.0412807 0.0410677 0.0104081
AI_survey 2002 94.1265  10 0.0485283 0.0300086 1.05296
AI_survey 2002 94.1265  11 0.0270102 0.0294454 -0.139735
AI_survey 2002 94.1265  12 0.0221413 0.0433626 -1.01076
AI_survey 2002 94.1265  13 0.085139 0.0657357 0.759568
AI_survey 2002 94.1265  14 0.065396 0.0731967 -0.290549
AI_survey 2002 94.1265  15 0.0257167 0.0569916 -1.30874
AI_survey 2002 94.1265  16 0.0370482 0.047841 -0.490561
AI_survey 2002 94.1265  17 0.0449581 0.0510356 -0.267904
AI_survey 2002 94.1265  18 0.0706296 0.0528792 0.769448
AI_survey 2002 94.1265  19 0.0269117 0.0414342 -0.7069
AI_survey 2002 94.1265  20 0.0345652 0.0291327 0.313337
AI_survey 2002 94.1265  21 0 0.0248076 -1.5471
AI_survey 2002 94.1265  22 0.0192856 0.0210632 -0.120069
AI_survey 2002 94.1265  23 0.0115127 0.0155567 -0.316939
AI_survey 2002 94.1265  24 0.00629131 0.011076 -0.443349
AI_survey 2002 94.1265  25 0.00629131 0.00867386 -0.249135
AI_survey 2002 94.1265  26 0.00491649 0.00720014 -0.261869
AI_survey 2002 94.1265  27 0.00103292 0.00578923 -0.60772
AI_survey 2002 94.1265  28 0.00495702 0.00465461 0.0430586
AI_survey 2002 94.1265  29 0.00592611 0.00409548 0.27776
AI_survey 2002 94.1265  30 0.00764019 0.00389759 0.582002
AI_survey 2002 94.1265  31 2.02032e-005 0.00366435 -0.584334
AI_survey 2002 94.1265  32 0.00165386 0.00321828 -0.267564
AI_survey 2002 94.1265  33 0.00573296 0.00263255 0.585918
AI_survey 2002 94.1265  34 0 0.00207359 -0.44119
AI_survey 2002 94.1265  35 0.00638994 0.00166212 1.12266
AI_survey 2002 94.1265  36 0.00495702 0.0014344 0.899894
AI_survey 2002 94.1265  37 0.00117791 0.00137026 -0.0502652
AI_survey 2002 94.1265  38 0 0.00144926 -0.368343
AI_survey 2002 94.1265  39 0 0.00161583 -0.389106
AI_survey 2002 94.1265  40 0.0736774 0.0264852 2.85084
AI_survey 2004 167.336  3 0.00592539 0.00805747 -0.308311
AI_survey 2004 167.336  4 0.0270057 0.0432052 -1.03055
AI_survey 2004 167.336  5 0.0187448 0.0296942 -0.834306
AI_survey 2004 167.336  6 0.0516861 0.0636272 -0.632791
AI_survey 2004 167.336  7 0.049296 0.0557267 -0.362602
AI_survey 2004 167.336  8 0.110802 0.10182 0.384171
AI_survey 2004 167.336  9 0.0844798 0.0808091 0.174213
AI_survey 2004 167.336  10 0.0948309 0.0634769 1.66337
AI_survey 2004 167.336  11 0.0488706 0.0372239 0.79573
AI_survey 2004 167.336  12 0.0308364 0.0245653 0.523956
AI_survey 2004 167.336  13 0.0269138 0.02397 0.248915
AI_survey 2004 167.336  14 0.0326228 0.0337606 -0.0814798
AI_survey 2004 167.336  15 0.0212118 0.0488141 -1.65688
AI_survey 2004 167.336  16 0.0463063 0.0534546 -0.411055
AI_survey 2004 167.336  17 0.0358566 0.0436874 -0.495534
AI_survey 2004 167.336  18 0.0434737 0.0371268 0.434183
AI_survey 2004 167.336  19 0.0409724 0.0386189 0.157985
AI_survey 2004 167.336  20 0.045023 0.0390116 0.401564
AI_survey 2004 167.336  21 0.0155763 0.031609 -1.18523
AI_survey 2004 167.336  22 0.0143906 0.0230896 -0.749096
AI_survey 2004 167.336  23 0.020804 0.0191006 0.160944
AI_survey 2004 167.336  24 0.0189785 0.0160665 0.299505
AI_survey 2004 167.336  25 0.0102693 0.0121394 -0.220822
AI_survey 2004 167.336  26 0.00604909 0.00879161 -0.379825
AI_survey 2004 167.336  27 0.00736453 0.0068116 0.0868973
AI_survey 2004 167.336  28 0.00843001 0.00558499 0.4934
AI_survey 2004 167.336  29 0.0052884 0.00452402 0.147181
AI_survey 2004 167.336  30 0.00120827 0.00368377 -0.527868
AI_survey 2004 167.336  31 0.00166721 0.00322417 -0.354726
AI_survey 2004 167.336  32 0.000671878 0.00302028 -0.552694
AI_survey 2004 167.336  33 0.00661548 0.00281754 0.925239
AI_survey 2004 167.336  34 0 0.0024819 -0.643954
AI_survey 2004 167.336  35 0.00581219 0.00205132 1.07265
AI_survey 2004 167.336  36 0.0027179 0.00163907 0.34394
AI_survey 2004 167.336  37 0.00137561 0.00133065 0.0158956
AI_survey 2004 167.336  38 0.00158332 0.00117667 0.152798
AI_survey 2004 167.336  39 0.00423293 0.00118684 1.13967
AI_survey 2004 167.336  40 0.0521066 0.0230201 2.5084
AI_survey 2006 109.814  3 0.00454001 0.00400114 0.0893407
AI_survey 2006 109.814  4 0.00564111 0.0135468 -0.716396
AI_survey 2006 109.814  5 0.020117 0.0301113 -0.612755
AI_survey 2006 109.814  6 0.0967323 0.100987 -0.147953
AI_survey 2006 109.814  7 0.0740622 0.0627532 0.488625
AI_survey 2006 109.814  8 0.0784446 0.0813676 -0.112032
AI_survey 2006 109.814  9 0.0939416 0.0660899 1.17471
AI_survey 2006 109.814  10 0.0730983 0.0878783 -0.547033
AI_survey 2006 109.814  11 0.0593438 0.0711248 -0.480281
AI_survey 2006 109.814  12 0.0674044 0.0507748 0.793711
AI_survey 2006 109.814  13 0.0303219 0.0307248 -0.0244627
AI_survey 2006 109.814  14 0.00756303 0.019801 -0.920302
AI_survey 2006 109.814  15 0.0161531 0.0192659 -0.237244
AI_survey 2006 109.814  16 0.0303773 0.0263451 0.263778
AI_survey 2006 109.814  17 0.0210574 0.0366124 -0.86782
AI_survey 2006 109.814  18 0.0412303 0.0397848 0.0774932
AI_survey 2006 109.814  19 0.0328079 0.0339195 -0.0643414
AI_survey 2006 109.814  20 0.0179731 0.0293471 -0.706084
AI_survey 2006 109.814  21 0.0281437 0.0297732 -0.100453
AI_survey 2006 109.814  22 0.0147398 0.0294906 -0.91355
AI_survey 2006 109.814  23 0.0254843 0.0244969 0.066919
AI_survey 2006 109.814  24 0.0280418 0.01845 0.746723
AI_survey 2006 109.814  25 0.014163 0.0149632 -0.0690496
AI_survey 2006 109.814  26 0.00636351 0.0124329 -0.573763
AI_survey 2006 109.814  27 0.0109308 0.00955053 0.148636
AI_survey 2006 109.814  28 0.00613248 0.00702646 -0.112076
AI_survey 2006 109.814  29 0.0134661 0.00540604 1.15082
AI_survey 2006 109.814  30 0.000539911 0.00438452 -0.609091
AI_survey 2006 109.814  31 0.00190704 0.00356926 -0.291675
AI_survey 2006 109.814  32 0.00484725 0.00293344 0.370203
AI_survey 2006 109.814  33 0.00827856 0.00255759 1.18466
AI_survey 2006 109.814  34 0.00294021 0.00236418 0.124031
AI_survey 2006 109.814  35 0.00106467 0.00218865 -0.25147
AI_survey 2006 109.814  36 0.00156666 0.00193548 -0.0877121
AI_survey 2006 109.814  37 0.000539911 0.00161948 -0.280484
AI_survey 2006 109.814  38 0.00212759 0.00132977 0.228566
AI_survey 2006 109.814  39 0 0.00115013 -0.354058
AI_survey 2006 109.814  40 0.0579136 0.0199426 2.8455
AI_survey 2010 162.107  3 0.00423406 0.00412958 0.0207171
AI_survey 2010 162.107  4 0.00521345 0.00974201 -0.586735
AI_survey 2010 162.107  5 0.0173698 0.031084 -1.00599
AI_survey 2010 162.107  6 0.0280817 0.0461963 -1.09863
AI_survey 2010 162.107  7 0.00978627 0.0337268 -1.68824
AI_survey 2010 162.107  8 0.0294372 0.0494985 -1.17746
AI_survey 2010 162.107  9 0.0563175 0.0708661 -0.721831
AI_survey 2010 162.107  10 0.144053 0.121081 0.896522
AI_survey 2010 162.107  11 0.0997219 0.0830823 0.76754
AI_survey 2010 162.107  12 0.085765 0.0645893 1.0968
AI_survey 2010 162.107  13 0.0319746 0.0559679 -1.3289
AI_survey 2010 162.107  14 0.0727691 0.0572348 0.851383
AI_survey 2010 162.107  15 0.0350579 0.0486539 -0.804524
AI_survey 2010 162.107  16 0.0449847 0.0336428 0.800778
AI_survey 2010 162.107  17 0.0125169 0.0212746 -0.77255
AI_survey 2010 162.107  18 0.00828511 0.0141437 -0.631475
AI_survey 2010 162.107  19 0.00771675 0.0136157 -0.647851
AI_survey 2010 162.107  20 0.0203305 0.0177321 0.250611
AI_survey 2010 162.107  21 0.0310586 0.0231086 0.673548
AI_survey 2010 162.107  22 0.0253871 0.0250118 0.0305988
AI_survey 2010 162.107  23 0.0217057 0.0227692 -0.0907582
AI_survey 2010 162.107  24 0.0266665 0.0203942 0.564869
AI_survey 2010 162.107  25 0.0242023 0.0198664 0.395519
AI_survey 2010 162.107  26 0.0361046 0.0190718 1.58512
AI_survey 2010 162.107  27 0.0213829 0.0163495 0.505197
AI_survey 2010 162.107  28 0.0118395 0.0128871 -0.118209
AI_survey 2010 162.107  29 0.0140637 0.0102707 0.478755
AI_survey 2010 162.107  30 0.00742467 0.0083424 -0.128391
AI_survey 2010 162.107  31 0.00299546 0.00652793 -0.558063
AI_survey 2010 162.107  32 0.00382601 0.00492879 -0.200288
AI_survey 2010 162.107  33 0.00596227 0.00378099 0.451918
AI_survey 2010 162.107  34 0.00293407 0.00301638 -0.0190768
AI_survey 2010 162.107  35 0.00278575 0.00246287 0.0827708
AI_survey 2010 162.107  36 0.00202148 0.00205452 -0.00926751
AI_survey 2010 162.107  37 0 0.0017897 -0.537616
AI_survey 2010 162.107  38 0.00335722 0.00164258 0.537468
AI_survey 2010 162.107  39 0.00522267 0.00155273 1.18293
AI_survey 2010 162.107  40 0.0374439 0.0179102 1.87474
AI_survey 2012 177.795  3 0.00282724 0.00719091 -0.688155
AI_survey 2012 177.795  4 0.0144218 0.0132803 0.132918
AI_survey 2012 177.795  5 0.0107932 0.0151339 -0.473925
AI_survey 2012 177.795  6 0.0152454 0.0280379 -1.03309
AI_survey 2012 177.795  7 0.0498032 0.0612271 -0.635313
AI_survey 2012 177.795  8 0.053461 0.069413 -0.836847
AI_survey 2012 177.795  9 0.0256585 0.0452655 -1.25748
AI_survey 2012 177.795  10 0.0549934 0.050238 0.29026
AI_survey 2012 177.795  11 0.0767677 0.0693243 0.390715
AI_survey 2012 177.795  12 0.10716 0.100851 0.279371
AI_survey 2012 177.795  13 0.0567801 0.0755587 -0.94736
AI_survey 2012 177.795  14 0.0384157 0.0552719 -0.983504
AI_survey 2012 177.795  15 0.0480797 0.0482042 -0.00775099
AI_survey 2012 177.795  16 0.0486457 0.0467325 0.120853
AI_survey 2012 177.795  17 0.0385192 0.0399974 -0.100579
AI_survey 2012 177.795  18 0.0246901 0.0281048 -0.275445
AI_survey 2012 177.795  19 0.00760131 0.0181292 -1.05188
AI_survey 2012 177.795  20 0.0089367 0.0124163 -0.418829
AI_survey 2012 177.795  21 0.0105669 0.0118925 -0.162984
AI_survey 2012 177.795  22 0.0124311 0.0150803 -0.289753
AI_survey 2012 177.795  23 0.0319456 0.0191201 1.24844
AI_survey 2012 177.795  24 0.024386 0.0206631 0.348879
AI_survey 2012 177.795  25 0.0130812 0.0192502 -0.598502
AI_survey 2012 177.795  26 0.021501 0.0174616 0.411095
AI_survey 2012 177.795  27 0.0424775 0.0167366 2.67477
AI_survey 2012 177.795  28 0.0200259 0.015857 0.444841
AI_survey 2012 177.795  29 0.0149828 0.0137101 0.14588
AI_survey 2012 177.795  30 0.0104291 0.0109887 -0.0715508
AI_survey 2012 177.795  31 0.0130743 0.00875032 0.618714
AI_survey 2012 177.795  32 0.011977 0.00704652 0.785402
AI_survey 2012 177.795  33 0.00842952 0.00553711 0.519269
AI_survey 2012 177.795  34 0.0173839 0.00422384 2.70253
AI_survey 2012 177.795  35 0.00411105 0.00324941 0.201569
AI_survey 2012 177.795  36 0.00277866 0.0025852 0.0507024
AI_survey 2012 177.795  37 0.00537288 0.00211606 0.942819
AI_survey 2012 177.795  38 0.00346442 0.00178972 0.526847
AI_survey 2012 177.795  39 0.00334705 0.00160531 0.578318
AI_survey 2012 177.795  40 0.0454342 0.01796 2.75771
AI_survey 2014 172.565  3 0.00192822 0.00753585 -0.851229
AI_survey 2014 172.565  4 0.00764481 0.0143703 -0.742096
AI_survey 2014 172.565  5 0.0165638 0.0260988 -0.78551
AI_survey 2014 172.565  6 0.0525226 0.0380182 0.996188
AI_survey 2014 172.565  7 0.0326069 0.033691 -0.0789194
AI_survey 2014 172.565  8 0.0638929 0.0436583 1.30072
AI_survey 2014 172.565  9 0.114606 0.0717439 2.18172
AI_survey 2014 172.565  10 0.132039 0.0720116 3.05019
AI_survey 2014 172.565  11 0.0650705 0.047205 1.10651
AI_survey 2014 172.565  12 0.0366909 0.0461569 -0.592575
AI_survey 2014 172.565  13 0.0556186 0.0622088 -0.358397
AI_survey 2014 172.565  14 0.0632501 0.0816895 -0.884343
AI_survey 2014 172.565  15 0.04775 0.0652326 -0.929965
AI_survey 2014 172.565  16 0.0231168 0.0471312 -1.48845
AI_survey 2014 172.565  17 0.0167029 0.0406961 -1.595
AI_survey 2014 172.565  18 0.0314786 0.0382327 -0.462636
AI_survey 2014 172.565  19 0.0175442 0.0327492 -1.12209
AI_survey 2014 172.565  20 0.0154001 0.0235281 -0.704282
AI_survey 2014 172.565  21 0.00755046 0.0155064 -0.845607
AI_survey 2014 172.565  22 0.00669204 0.0109223 -0.534412
AI_survey 2014 172.565  23 0.00970533 0.0104073 -0.090827
AI_survey 2014 172.565  24 0.00584136 0.0128083 -0.813589
AI_survey 2014 172.565  25 0.0133306 0.0158261 -0.262587
AI_survey 2014 172.565  26 0.0165756 0.0170648 -0.0496091
AI_survey 2014 172.565  27 0.00918943 0.0161784 -0.727499
AI_survey 2014 172.565  28 0.0186455 0.0148226 0.415439
AI_survey 2014 172.565  29 0.00918758 0.014021 -0.539824
AI_survey 2014 172.565  30 0.0151798 0.0131313 0.236296
AI_survey 2014 172.565  31 0.0112761 0.0114242 -0.0183051
AI_survey 2014 172.565  32 0.00685647 0.00928233 -0.33213
AI_survey 2014 172.565  33 0.0051845 0.00740447 -0.339939
AI_survey 2014 172.565  34 0.00665109 0.00593065 0.123155
AI_survey 2014 172.565  35 0.00763164 0.00467451 0.568899
AI_survey 2014 172.565  36 0.00453965 0.00360397 0.204834
AI_survey 2014 172.565  37 0.00309185 0.00278975 0.0751063
AI_survey 2014 172.565  38 0.00304949 0.00223317 0.226668
AI_survey 2014 172.565  39 0.00278475 0.00187541 0.275364
AI_survey 2014 172.565  40 0.0426093 0.0181348 2.40875
EBS_survey 2002 67.1821  3 0.0010779 0.00081651 0.0745553
EBS_survey 2002 67.1821  4 0.0010586 0.00258833 -0.246298
EBS_survey 2002 67.1821  5 0.00180105 0.0026915 -0.140613
EBS_survey 2002 67.1821  6 0.00386036 0.00830472 -0.401167
EBS_survey 2002 67.1821  7 0.0133835 0.00946435 0.331597
EBS_survey 2002 67.1821  8 0.0100626 0.0129111 -0.206731
EBS_survey 2002 67.1821  9 0.0222134 0.0111379 0.864626
EBS_survey 2002 67.1821  10 0.0213387 0.0136092 0.54661
EBS_survey 2002 67.1821  11 0.0400635 0.0209925 1.09012
EBS_survey 2002 67.1821  12 0.0599003 0.0432448 0.671075
EBS_survey 2002 67.1821  13 0.0744646 0.0782828 -0.116502
EBS_survey 2002 67.1821  14 0.0931286 0.0962812 -0.0875966
EBS_survey 2002 67.1821  15 0.0905787 0.0814401 0.273849
EBS_survey 2002 67.1821  16 0.0692131 0.0741777 -0.155269
EBS_survey 2002 67.1821  17 0.0413078 0.0825125 -1.22741
EBS_survey 2002 67.1821  18 0.076371 0.0869897 -0.308817
EBS_survey 2002 67.1821  19 0.0553283 0.0687001 -0.433276
EBS_survey 2002 67.1821  20 0.052388 0.0486966 0.140564
EBS_survey 2002 67.1821  21 0.0355657 0.0417063 -0.251732
EBS_survey 2002 67.1821  22 0.0167447 0.0354854 -0.830184
EBS_survey 2002 67.1821  23 0.046352 0.0262368 1.03131
EBS_survey 2002 67.1821  24 0.0233087 0.0186957 0.279078
EBS_survey 2002 67.1821  25 0.0208951 0.0146493 0.425961
EBS_survey 2002 67.1821  26 0.0161066 0.0121636 0.29471
EBS_survey 2002 67.1821  27 0.00366463 0.00978132 -0.509166
EBS_survey 2002 67.1821  28 0 0.00786493 -0.729315
EBS_survey 2002 67.1821  29 0 0.00692051 -0.683743
EBS_survey 2002 67.1821  30 0 0.00658631 -0.666892
EBS_survey 2002 67.1821  31 0.00176121 0.00619223 -0.462602
EBS_survey 2002 67.1821  32 0.00164803 0.00543847 -0.422052
EBS_survey 2002 67.1821  33 0.00159867 0.00444868 -0.350623
EBS_survey 2002 67.1821  34 0.00786967 0.00350411 0.604678
EBS_survey 2002 67.1821  35 0 0.00280878 -0.434237
EBS_survey 2002 67.1821  36 0 0.00242397 -0.403205
EBS_survey 2002 67.1821  37 0 0.00231557 -0.394027
EBS_survey 2002 67.1821  38 0 0.00244907 -0.405301
EBS_survey 2002 67.1821  39 0.0104982 0.00273057 1.21784
EBS_survey 2002 67.1821  40 0.0864467 0.0447569 1.65243
EBS_survey 2004 82.9897  3 0.000475276 0.000901939 -0.128769
EBS_survey 2004 82.9897  4 0.00069438 0.00453222 -0.51994
EBS_survey 2004 82.9897  5 0.00183733 0.00306605 -0.202134
EBS_survey 2004 82.9897  6 0.00816643 0.00698354 0.12931
EBS_survey 2004 82.9897  7 0.00660475 0.00890919 -0.223286
EBS_survey 2004 82.9897  8 0.0262148 0.0215327 0.293784
EBS_survey 2004 82.9897  9 0.0384226 0.0250514 0.779279
EBS_survey 2004 82.9897  10 0.0188771 0.0293528 -0.565285
EBS_survey 2004 82.9897  11 0.0349093 0.0240254 0.647369
EBS_survey 2004 82.9897  12 0.027281 0.0236683 0.216453
EBS_survey 2004 82.9897  13 0.0242409 0.0304208 -0.327751
EBS_survey 2004 82.9897  14 0.0787808 0.0508887 1.15607
EBS_survey 2004 82.9897  15 0.096347 0.0793101 0.574322
EBS_survey 2004 82.9897  16 0.0509765 0.0902418 -1.24834
EBS_survey 2004 82.9897  17 0.0502803 0.0759196 -0.881782
EBS_survey 2004 82.9897  18 0.0303652 0.0662871 -1.31528
EBS_survey 2004 82.9897  19 0.0492247 0.0699553 -0.740343
EBS_survey 2004 82.9897  20 0.0537613 0.0710692 -0.613612
EBS_survey 2004 82.9897  21 0.0598421 0.0577355 0.0822718
EBS_survey 2004 82.9897  22 0.0198248 0.0422735 -1.01624
EBS_survey 2004 82.9897  23 0.0206309 0.0350322 -0.713449
EBS_survey 2004 82.9897  24 0.0571907 0.0294891 1.49147
EBS_survey 2004 82.9897  25 0.0168273 0.0222888 -0.336963
EBS_survey 2004 82.9897  26 0.0175907 0.0161461 0.104378
EBS_survey 2004 82.9897  27 0.0342762 0.012512 1.78302
EBS_survey 2004 82.9897  28 0.0220259 0.0102598 1.06317
EBS_survey 2004 82.9897  29 0.000245329 0.00831111 -0.808877
EBS_survey 2004 82.9897  30 0.00559846 0.00676764 -0.129817
EBS_survey 2004 82.9897  31 0 0.00592339 -0.702624
EBS_survey 2004 82.9897  32 0.00494235 0.00554885 -0.0743127
EBS_survey 2004 82.9897  33 0 0.00517639 -0.656501
EBS_survey 2004 82.9897  34 0.00351905 0.00455976 -0.140569
EBS_survey 2004 82.9897  35 0.00494235 0.0037687 0.174262
EBS_survey 2004 82.9897  36 2.45552e-005 0.00301133 -0.495761
EBS_survey 2004 82.9897  37 0.000280715 0.00244469 -0.398382
EBS_survey 2004 82.9897  38 0 0.00216179 -0.423047
EBS_survey 2004 82.9897  39 0 0.00218048 -0.424884
EBS_survey 2004 82.9897  40 0.134779 0.0422929 4.18591
EBS_survey 2008 79.0378  3 0.000185957 0.0011363 -0.249687
EBS_survey 2008 79.0378  4 0.000479666 0.00186884 -0.285192
EBS_survey 2008 79.0378  5 0.0013346 0.00162759 -0.064422
EBS_survey 2008 79.0378  6 0.00508887 0.00401752 0.150386
EBS_survey 2008 79.0378  7 0.00633033 0.0104236 -0.358139
EBS_survey 2008 79.0378  8 0.0151167 0.0277197 -0.682379
EBS_survey 2008 79.0378  9 0.031601 0.0260509 0.30971
EBS_survey 2008 79.0378  10 0.0125845 0.0378941 -1.17828
EBS_survey 2008 79.0378  11 0.0300678 0.0477342 -0.736596
EBS_survey 2008 79.0378  12 0.0854338 0.0723723 0.448137
EBS_survey 2008 79.0378  13 0.069333 0.0710899 -0.0607778
EBS_survey 2008 79.0378  14 0.0451173 0.057849 -0.484797
EBS_survey 2008 79.0378  15 0.0394697 0.0395405 -0.00322781
EBS_survey 2008 79.0378  16 0.0241309 0.0279958 -0.208257
EBS_survey 2008 79.0378  17 0.0320437 0.0285987 0.183722
EBS_survey 2008 79.0378  18 0.0645627 0.0390827 1.16877
EBS_survey 2008 79.0378  19 0.102271 0.0529649 1.95703
EBS_survey 2008 79.0378  20 0.0305844 0.0576449 -1.03212
EBS_survey 2008 79.0378  21 0.0256298 0.051113 -1.02863
EBS_survey 2008 79.0378  22 0.0467698 0.0451893 0.0676379
EBS_survey 2008 79.0378  23 0.024617 0.0449363 -0.871897
EBS_survey 2008 79.0378  24 0.046165 0.0438051 0.102502
EBS_survey 2008 79.0378  25 0.0204376 0.0370764 -0.782777
EBS_survey 2008 79.0378  26 0.018416 0.0286466 -0.545158
EBS_survey 2008 79.0378  27 0.0210346 0.0229694 -0.114797
EBS_survey 2008 79.0378  28 0.0192384 0.0188584 0.0248345
EBS_survey 2008 79.0378  29 0.00905982 0.0146439 -0.413141
EBS_survey 2008 79.0378  30 0.0129553 0.0109245 0.173603
EBS_survey 2008 79.0378  31 0.0123654 0.00838405 0.387969
EBS_survey 2008 79.0378  32 0.00581185 0.00673557 -0.100327
EBS_survey 2008 79.0378  33 0.00439838 0.0054959 -0.13186
EBS_survey 2008 79.0378  34 0.00273486 0.00455056 -0.239577
EBS_survey 2008 79.0378  35 0 0.00396002 -0.559863
EBS_survey 2008 79.0378  36 0.00230287 0.00362772 -0.195642
EBS_survey 2008 79.0378  37 0 0.00334132 -0.513992
EBS_survey 2008 79.0378  38 0 0.00299371 -0.486353
EBS_survey 2008 79.0378  39 0.00876221 0.00262389 1.06473
EBS_survey 2008 79.0378  40 0.123565 0.0345129 4.3365
EBS_survey 2010 79.0378  3 0.00025524 0.000471639 -0.0876832
EBS_survey 2010 79.0378  4 0.000277861 0.000963767 -0.195509
EBS_survey 2010 79.0378  5 0.000286387 0.00301602 -0.441819
EBS_survey 2010 79.0378  6 0.000878681 0.00483318 -0.506405
EBS_survey 2010 79.0378  7 0.00260076 0.00489692 -0.292134
EBS_survey 2010 79.0378  8 0.00358701 0.0104505 -0.599752
EBS_survey 2010 79.0378  9 0.0108642 0.0267208 -0.873987
EBS_survey 2010 79.0378  10 0.0396616 0.0570453 -0.666299
EBS_survey 2010 79.0378  11 0.0289614 0.0529564 -0.95248
EBS_survey 2010 79.0378  12 0.0649742 0.0602184 0.177717
EBS_survey 2010 79.0378  13 0.0495132 0.0656591 -0.579494
EBS_survey 2010 79.0378  14 0.0855134 0.0794148 0.200512
EBS_survey 2010 79.0378  15 0.0549266 0.0725687 -0.604539
EBS_survey 2010 79.0378  16 0.0399173 0.0534277 -0.534054
EBS_survey 2010 79.0378  17 0.0208727 0.0351411 -0.688802
EBS_survey 2010 79.0378  18 0.039147 0.0240778 0.873782
EBS_survey 2010 79.0378  19 0.0395306 0.0236304 0.930438
EBS_survey 2010 79.0378  20 0.0871749 0.0310162 2.87948
EBS_survey 2010 79.0378  21 0.0711687 0.0405321 1.38099
EBS_survey 2010 79.0378  22 0.0451457 0.0439236 0.0530114
EBS_survey 2010 79.0378  23 0.033894 0.0400192 -0.277793
EBS_survey 2010 79.0378  24 0.0352324 0.0358705 -0.0305002
EBS_survey 2010 79.0378  25 0.032307 0.0349579 -0.128297
EBS_survey 2010 79.0378  26 0.0162368 0.0335662 -0.855268
EBS_survey 2010 79.0378  27 0.0180239 0.0287775 -0.571757
EBS_survey 2010 79.0378  28 0.015821 0.0226847 -0.409731
EBS_survey 2010 79.0378  29 0.0300849 0.01808 0.800798
EBS_survey 2010 79.0378  30 0.0151061 0.0146859 0.0310459
EBS_survey 2010 79.0378  31 0.0243914 0.0114919 1.07553
EBS_survey 2010 79.0378  32 0.0197684 0.00867679 1.06262
EBS_survey 2010 79.0378  33 0.00335082 0.0066562 -0.361121
EBS_survey 2010 79.0378  34 0.00115894 0.00531016 -0.507328
EBS_survey 2010 79.0378  35 0.00414018 0.00433575 -0.0264327
EBS_survey 2010 79.0378  36 0 0.00361687 -0.534901
EBS_survey 2010 79.0378  37 0.00038274 0.00315068 -0.438401
EBS_survey 2010 79.0378  38 0 0.00289167 -0.47794
EBS_survey 2010 79.0378  39 0 0.0027335 -0.464601
EBS_survey 2010 79.0378  40 0.0648439 0.03153 1.69462
EBS_survey 2012 86.9416  3 0.0012129 0.000763636 0.150667
EBS_survey 2012 86.9416  4 0.000999264 0.00124299 -0.0642416
EBS_survey 2012 86.9416  5 0.00341315 0.00137183 0.512384
EBS_survey 2012 86.9416  6 0.00233275 0.00298198 -0.110836
EBS_survey 2012 86.9416  7 0.0087101 0.00827998 0.0442316
EBS_survey 2012 86.9416  8 0.0163583 0.0123374 0.339505
EBS_survey 2012 86.9416  9 0.0422249 0.0130799 2.39095
EBS_survey 2012 86.9416  10 0.0894545 0.0237712 4.01956
EBS_survey 2012 86.9416  11 0.075788 0.0512579 1.03709
EBS_survey 2012 86.9416  12 0.0694476 0.0892432 -0.647398
EBS_survey 2012 86.9416  13 0.0477121 0.077916 -1.05064
EBS_survey 2012 86.9416  14 0.0668035 0.0699693 -0.115709
EBS_survey 2012 86.9416  15 0.0460195 0.0679521 -0.812556
EBS_survey 2012 86.9416  16 0.0652169 0.0705135 -0.192896
EBS_survey 2012 86.9416  17 0.0429959 0.0620986 -0.737999
EBS_survey 2012 86.9416  18 0.0273307 0.0445285 -0.777343
EBS_survey 2012 86.9416  19 0.0203575 0.0291216 -0.485917
EBS_survey 2012 86.9416  20 0.0375145 0.0201429 1.15267
EBS_survey 2012 86.9416  21 0.0518113 0.0194175 2.1884
EBS_survey 2012 86.9416  22 0.0444999 0.024685 1.1905
EBS_survey 2012 86.9416  23 0.0222075 0.0313249 -0.48796
EBS_survey 2012 86.9416  24 0.0296446 0.0338656 -0.217553
EBS_survey 2012 86.9416  25 0.0180996 0.0315579 -0.717706
EBS_survey 2012 86.9416  26 0.00796286 0.0286317 -1.15542
EBS_survey 2012 86.9416  27 0.0216638 0.0274466 -0.329969
EBS_survey 2012 86.9416  28 0.0297931 0.0260058 0.221839
EBS_survey 2012 86.9416  29 0.0175998 0.0224856 -0.307212
EBS_survey 2012 86.9416  30 0.00824684 0.0180226 -0.684995
EBS_survey 2012 86.9416  31 0.0192481 0.0143516 0.383742
EBS_survey 2012 86.9416  32 0.00600541 0.0115573 -0.484133
EBS_survey 2012 86.9416  33 0.0120584 0.00908169 0.292428
EBS_survey 2012 86.9416  34 0.00788818 0.00692774 0.107892
EBS_survey 2012 86.9416  35 0.00764912 0.00532953 0.29678
EBS_survey 2012 86.9416  36 0.00536871 0.00424014 0.161758
EBS_survey 2012 86.9416  37 0 0.00347066 -0.549481
EBS_survey 2012 86.9416  38 0.00351655 0.00293543 0.0999882
EBS_survey 2012 86.9416  39 0.00274828 0.00263296 0.0209428
EBS_survey 2012 86.9416  40 0.0200958 0.0294572 -0.516154
fishery 1981 132.03  3 0.00277065 0.038098 -2.1202
fishery 1981 132.03  4 0.0444763 0.0651181 -0.961225
fishery 1981 132.03  5 0.15935 0.0762453 3.5979
fishery 1981 132.03  6 0.0672453 0.0454654 1.20119
fishery 1981 132.03  7 0.0824735 0.0446921 2.10078
fishery 1981 132.03  8 0.0600507 0.0521744 0.406936
fishery 1981 132.03  9 0.10471 0.0746889 1.31209
fishery 1981 132.03  10 0.0745881 0.0764971 -0.0825257
fishery 1981 132.03  11 0.0552789 0.0724356 -0.760489
fishery 1981 132.03  12 0.0484153 0.0520095 -0.185978
fishery 1981 132.03  13 0.0140012 0.0363083 -1.3701
fishery 1981 132.03  14 0.0353846 0.0313583 0.265404
fishery 1981 132.03  15 0.0202251 0.0262702 -0.434219
fishery 1981 132.03  16 0.00681577 0.0200037 -1.08203
fishery 1981 132.03  17 0 0.0190821 -1.60222
fishery 1981 132.03  18 0.00457794 0.0267347 -1.57801
fishery 1981 132.03  19 0.00255314 0.0333621 -1.97103
fishery 1981 132.03  20 0.00255314 0.0270419 -1.73444
fishery 1981 132.03  21 0.0062957 0.0145705 -0.793226
fishery 1981 132.03  22 0.00929275 0.00706458 0.305475
fishery 1981 132.03  23 0.0104778 0.00501004 0.888967
fishery 1981 132.03  24 0.00322687 0.00460187 -0.233188
fishery 1981 132.03  25 0.00406615 0.00368352 0.0724775
fishery 1981 132.03  26 0 0.0024142 -0.564096
fishery 1981 132.03  27 0.00486524 0.0015577 0.960616
fishery 1981 132.03  28 0 0.00120507 -0.397476
fishery 1981 132.03  29 0.00255314 0.00111889 0.490772
fishery 1981 132.03  30 0.00203307 0.00116358 0.291811
fishery 1981 132.03  31 0.00713936 0.00129909 1.85596
fishery 1981 132.03  32 0.00910523 0.00151151 2.23864
fishery 1981 132.03  33 0.00446569 0.00178718 0.72665
fishery 1981 132.03  34 0.0118259 0.00210518 2.4312
fishery 1981 132.03  35 0.00457794 0.00243979 0.496985
fishery 1981 132.03  36 0.0107265 0.00278109 1.73051
fishery 1981 132.03  37 0.0129192 0.00309117 2.03101
fishery 1981 132.03  38 0.00794773 0.00347276 0.872814
fishery 1981 132.03  39 0.0136622 0.00404059 1.74064
fishery 1981 132.03  40 0.0893502 0.117496 -1.00429
fishery 1982 86.1066  3 0 0.0565179 -2.27095
fishery 1982 86.1066  4 0.0101707 0.0397228 -1.4039
fishery 1982 86.1066  5 0.0662457 0.0656833 0.0210658
fishery 1982 86.1066  6 0.0494656 0.0759756 -0.928375
fishery 1982 86.1066  7 0.077105 0.0477388 1.27793
fishery 1982 86.1066  8 0.0746995 0.0452042 1.31729
fishery 1982 86.1066  9 0.0571315 0.0529047 0.175208
fishery 1982 86.1066  10 0.102802 0.0723948 1.08877
fishery 1982 86.1066  11 0.0603195 0.0736719 -0.47426
fishery 1982 86.1066  12 0.0931798 0.0672572 0.96032
fishery 1982 86.1066  13 0.0687026 0.0479926 0.898975
fishery 1982 86.1066  14 0.0339486 0.0326853 0.0659176
fishery 1982 86.1066  15 0.0469443 0.0271135 1.13281
fishery 1982 86.1066  16 0.0278838 0.0223154 0.349741
fishery 1982 86.1066  17 0.0324828 0.0170758 1.10322
fishery 1982 86.1066  18 0.0121054 0.0163427 -0.310019
fishery 1982 86.1066  19 0.00330936 0.0222038 -1.18965
fishery 1982 86.1066  20 0.00628484 0.0270852 -1.1888
fishery 1982 86.1066  21 0.0095255 0.0222643 -0.801007
fishery 1982 86.1066  22 0.0242887 0.0125167 0.982175
fishery 1982 86.1066  23 0.006159 0.006313 -0.0180282
fishery 1982 86.1066  24 0.0164782 0.00444265 1.67743
fishery 1982 86.1066  25 0 0.00401879 -0.588712
fishery 1982 86.1066  26 0.00810532 0.00324215 0.792611
fishery 1982 86.1066  27 0 0.00218161 -0.432902
fishery 1982 86.1066  28 0.00232434 0.00143258 0.218026
fishery 1982 86.1066  29 0 0.00110561 -0.307331
fishery 1982 86.1066  30 0 0.00102352 -0.295583
fishery 1982 86.1066  31 0 0.00106214 -0.301167
fishery 1982 86.1066  32 0.00284965 0.00118266 0.448179
fishery 1982 86.1066  33 0 0.00137291 -0.342818
fishery 1982 86.1066  34 0 0.00161914 -0.372544
fishery 1982 86.1066  35 0.00490963 0.00190401 0.638109
fishery 1982 86.1066  36 0.00529982 0.00222251 0.605031
fishery 1982 86.1066  37 0.0172983 0.00253738 2.7173
fishery 1982 86.1066  38 0.00538078 0.00294367 0.416731
fishery 1982 86.1066  39 0.00517398 0.00354498 0.253978
fishery 1982 86.1066  40 0.0694257 0.113184 -1.28161
fishery 1990 103.328  3 4.37263e-005 0.011166 -1.07547
fishery 1990 103.328  4 0.0026723 0.0257354 -1.48027
fishery 1990 103.328  5 0.00898008 0.0324622 -1.34666
fishery 1990 103.328  6 0.0721789 0.0906215 -0.653013
fishery 1990 103.328  7 0.0917623 0.0478088 2.09384
fishery 1990 103.328  8 0.0806923 0.0604238 0.864623
fishery 1990 103.328  9 0.137334 0.0983356 1.33125
fishery 1990 103.328  10 0.167744 0.0993671 2.32328
fishery 1990 103.328  11 0.0824409 0.0745072 0.307096
fishery 1990 103.328  12 0.123266 0.0576612 2.86063
fishery 1990 103.328  13 0.070502 0.0616613 0.373575
fishery 1990 103.328  14 0.0367347 0.0581291 -0.929352
fishery 1990 103.328  15 0.0187927 0.0397826 -1.09153
fishery 1990 103.328  16 0.0117503 0.0273824 -0.973515
fishery 1990 103.328  17 0.00690763 0.0244719 -1.15531
fishery 1990 103.328  18 0.00652162 0.0241945 -1.16893
fishery 1990 103.328  19 0.00600438 0.0218582 -1.10189
fishery 1990 103.328  20 0 0.0172433 -1.34608
fishery 1990 103.328  21 0.00625556 0.0121536 -0.546946
fishery 1990 103.328  22 0.00300714 0.00822578 -0.586961
fishery 1990 103.328  23 0.00210389 0.00607822 -0.519343
fishery 1990 103.328  24 0 0.00495643 -0.716699
fishery 1990 103.328  25 0 0.00444219 -0.678247
fishery 1990 103.328  26 0.00451676 0.00478532 -0.0395181
fishery 1990 103.328  27 0.00425069 0.00581486 -0.208938
fishery 1990 103.328  28 0 0.00643728 -0.817575
fishery 1990 103.328  29 0 0.00573086 -0.771064
fishery 1990 103.328  30 0 0.00408721 -0.650404
fishery 1990 103.328  31 0.00210389 0.00258714 -0.0965155
fishery 1990 103.328  32 0.00600438 0.00174832 1.03264
fishery 1990 103.328  33 0 0.00136347 -0.374235
fishery 1990 103.328  34 0 0.00109085 -0.334387
fishery 1990 103.328  35 0 0.000815995 -0.288727
fishery 1990 103.328  36 0.000903252 0.000593948 0.127975
fishery 1990 103.328  37 0.00550848 0.000463442 2.35745
fishery 1990 103.328  38 0.00200486 0.000481068 0.699151
fishery 1990 103.328  39 0.000903252 0.000681548 0.0857278
fishery 1990 103.328  40 0.0381106 0.0546506 -0.739632
fishery 1998 166.473  3 0 0.00612208 -1.01182
fishery 1998 166.473  4 0.0020535 0.0094536 -0.986156
fishery 1998 166.473  5 0.00243194 0.00596031 -0.590946
fishery 1998 166.473  6 0.00289703 0.00794007 -0.732675
fishery 1998 166.473  7 0.00613804 0.010985 -0.599714
fishery 1998 166.473  8 0.0372102 0.0267293 0.838267
fishery 1998 166.473  9 0.0841947 0.060153 1.3045
fishery 1998 166.473  10 0.194556 0.0876648 4.87641
fishery 1998 166.473  11 0.0953917 0.0750842 0.994203
fishery 1998 166.473  12 0.0905371 0.0828086 0.361804
fishery 1998 166.473  13 0.10343 0.104977 -0.0651225
fishery 1998 166.473  14 0.129767 0.127847 0.0741704
fishery 1998 166.473  15 0.0499888 0.0915612 -1.85974
fishery 1998 166.473  16 0.0286472 0.0589739 -1.66086
fishery 1998 166.473  17 0.0648203 0.0538492 0.627066
fishery 1998 166.473  18 0.0258949 0.044017 -1.13971
fishery 1998 166.473  19 0.0152759 0.0288197 -1.04435
fishery 1998 166.473  20 0.0140468 0.0180857 -0.390942
fishery 1998 166.473  21 0.0153101 0.0133677 0.218142
fishery 1998 166.473  22 0.00512997 0.0107463 -0.702495
fishery 1998 166.473  23 0.00638359 0.00802397 -0.237084
fishery 1998 166.473  24 0.00344511 0.00597093 -0.422661
fishery 1998 166.473  25 0.00272883 0.00516967 -0.43872
fishery 1998 166.473  26 0.00146877 0.00500621 -0.646048
fishery 1998 166.473  27 0.00228038 0.00473966 -0.461511
fishery 1998 166.473  28 0 0.00411061 -0.82793
fishery 1998 166.473  29 0.00261512 0.00327639 -0.149076
fishery 1998 166.473  30 0.00233767 0.00251111 -0.0446243
fishery 1998 166.473  31 0.00136442 0.00197207 -0.176279
fishery 1998 166.473  32 0 0.00166775 -0.525779
fishery 1998 166.473  33 0 0.00156207 -0.508719
fishery 1998 166.473  34 0 0.00162174 -0.518421
fishery 1998 166.473  35 0 0.00175431 -0.539354
fishery 1998 166.473  36 0.000811608 0.00179629 -0.299203
fishery 1998 166.473  37 0 0.00162761 -0.519365
fishery 1998 166.473  38 0 0.00131028 -0.465574
fishery 1998 166.473  39 0 0.00101425 -0.409106
fishery 1998 166.473  40 0.00884455 0.0217198 -1.13938
fishery 2000 126.29  3 0 0.00389605 -0.701923
fishery 2000 126.29  4 0.0083958 0.0149861 -0.609366
fishery 2000 126.29  5 0.00684992 0.0132485 -0.628661
fishery 2000 126.29  6 0.011622 0.0179137 -0.53293
fishery 2000 126.29  7 0.0119396 0.0124728 -0.0539742
fishery 2000 126.29  8 0.0223869 0.0144411 0.748219
fishery 2000 126.29  9 0.0250121 0.0199133 0.410053
fishery 2000 126.29  10 0.0671944 0.0424382 1.37993
fishery 2000 126.29  11 0.076405 0.0829439 -0.266425
fishery 2000 126.29  12 0.138076 0.107598 1.10527
fishery 2000 126.29  13 0.0779038 0.0885366 -0.420611
fishery 2000 126.29  14 0.0705969 0.0828297 -0.498735
fishery 2000 126.29  15 0.0996555 0.0933375 0.244059
fishery 2000 126.29  16 0.109377 0.100642 0.326293
fishery 2000 126.29  17 0.0525016 0.073721 -0.912479
fishery 2000 126.29  18 0.0475101 0.0463675 0.061056
fishery 2000 126.29  19 0.0444486 0.0382353 0.36407
fishery 2000 126.29  20 0.0198934 0.030895 -0.714399
fishery 2000 126.29  21 0.0269036 0.0209224 0.469521
fishery 2000 126.29  22 0.0250915 0.013627 1.11087
fishery 2000 126.29  23 0.00865047 0.0101639 -0.169477
fishery 2000 126.29  24 0.00484603 0.00823416 -0.421084
fishery 2000 126.29  25 0.005159 0.00639428 -0.174024
fishery 2000 126.29  26 0.00206954 0.00497123 -0.463182
fishery 2000 126.29  27 0 0.00435384 -0.742287
fishery 2000 126.29  28 0.00339415 0.00418851 -0.13806
fishery 2000 126.29  29 0.000805165 0.00395571 -0.563342
fishery 2000 126.29  30 0.0019649 0.00345222 -0.284554
fishery 2000 126.29  31 0 0.00278064 -0.592357
fishery 2000 126.29  32 0.00370261 0.0021463 0.377046
fishery 2000 126.29  33 0 0.0016828 -0.460025
fishery 2000 126.29  34 0 0.00141263 -0.421188
fishery 2000 126.29  35 0.00159252 0.00131018 0.0873818
fishery 2000 126.29  36 0 0.00133865 -0.409915
fishery 2000 126.29  37 0.00186758 0.00141766 0.13391
fishery 2000 126.29  38 0 0.00145234 -0.427115
fishery 2000 126.29  39 0 0.00138575 -0.417127
fishery 2000 126.29  40 0.0241844 0.0203942 0.301273
fishery 2001 132.03  3 0.00513815 0.00944196 -0.511083
fishery 2001 132.03  4 0.00090205 0.00654894 -0.803818
fishery 2001 132.03  5 0.00838654 0.0209065 -1.00528
fishery 2001 132.03  6 0.00557621 0.0193903 -1.15082
fishery 2001 132.03  7 0.0225948 0.0243418 -0.130233
fishery 2001 132.03  8 0.0302764 0.0174123 1.12974
fishery 2001 132.03  9 0.038451 0.0187343 1.6705
fishery 2001 132.03  10 0.0179414 0.0251675 -0.529995
fishery 2001 132.03  11 0.0334418 0.0495983 -0.85498
fishery 2001 132.03  12 0.086553 0.0898036 -0.130634
fishery 2001 132.03  13 0.139567 0.110386 1.06994
fishery 2001 132.03  14 0.0768777 0.0892177 -0.497389
fishery 2001 132.03  15 0.082231 0.0783822 0.16453
fishery 2001 132.03  16 0.0863997 0.0841116 0.0947185
fishery 2001 132.03  17 0.0776685 0.0868398 -0.374209
fishery 2001 132.03  18 0.0732644 0.0643774 0.416049
fishery 2001 132.03  19 0.0505342 0.0408853 0.559813
fishery 2001 132.03  20 0.0271456 0.0326498 -0.355821
fishery 2001 132.03  21 0.033831 0.0263536 0.536275
fishery 2001 132.03  22 0.0116568 0.0182752 -0.567609
fishery 2001 132.03  23 0.0206469 0.01221 0.882379
fishery 2001 132.03  24 0.0089489 0.00918364 -0.0282609
fishery 2001 132.03  25 0.00948093 0.00747562 0.267324
fishery 2001 132.03  26 0.00366476 0.0058879 -0.33361
fishery 2001 132.03  27 0.00331533 0.004653 -0.225615
fishery 2001 132.03  28 0.00819502 0.00408175 0.740388
fishery 2001 132.03  29 0 0.00389981 -0.718047
fishery 2001 132.03  30 0.00726471 0.00367028 0.682066
fishery 2001 132.03  31 0 0.00320481 -0.65052
fishery 2001 132.03  32 0.00175091 0.00258828 -0.189006
fishery 2001 132.03  33 0.00414532 0.00200322 0.549122
fishery 2001 132.03  34 0.00169358 0.00156921 0.0359868
fishery 2001 132.03  35 0 0.00131368 -0.415166
fishery 2001 132.03  36 0 0.00121536 -0.399186
fishery 2001 132.03  37 0 0.00123275 -0.402059
fishery 2001 132.03  38 0.00191149 0.00131253 0.189373
fishery 2001 132.03  39 0 0.00137813 -0.425317
fishery 2001 132.03  40 0.0205449 0.0202959 0.0202844
fishery 2002 126.29  3 0.000314872 0.00440773 -0.693542
fishery 2002 126.29  4 0.00750196 0.0125732 -0.511269
fishery 2002 126.29  5 0.00980497 0.0106087 -0.0881217
fishery 2002 126.29  6 0.0339832 0.0291203 0.324958
fishery 2002 126.29  7 0.0256738 0.0279389 -0.154435
fishery 2002 126.29  8 0.0739611 0.0325431 2.62278
fishery 2002 126.29  9 0.0432485 0.023584 1.45597
fishery 2002 126.29  10 0.026833 0.02349 0.247998
fishery 2002 126.29  11 0.0369291 0.0302873 0.435455
fishery 2002 126.29  12 0.0594776 0.0548567 0.228038
fishery 2002 126.29  13 0.0906665 0.0922485 -0.0614329
fishery 2002 126.29  14 0.0847197 0.108143 -0.847542
fishery 2002 126.29  15 0.0523358 0.0864147 -1.36294
fishery 2002 126.29  16 0.0720858 0.072476 -0.0169125
fishery 2002 126.29  17 0.0851833 0.0746518 0.450273
fishery 2002 126.29  18 0.0704552 0.0745743 -0.176196
fishery 2002 126.29  19 0.0349933 0.056045 -1.02847
fishery 2002 126.29  20 0.0413553 0.0363099 0.303067
fishery 2002 126.29  21 0.0237859 0.0284807 -0.317122
fishery 2002 126.29  22 0.0126466 0.0230604 -0.779533
fishery 2002 126.29  23 0.0148417 0.0163915 -0.137122
fishery 2002 126.29  24 0.0176031 0.0112254 0.679998
fishery 2002 126.29  25 0.0123898 0.00851695 0.473343
fishery 2002 126.29  26 0.00475392 0.00694809 -0.296637
fishery 2002 126.29  27 0.00683148 0.0055393 0.195476
fishery 2002 126.29  28 0.00506442 0.00442968 0.107292
fishery 2002 126.29  29 0.00723527 0.00388125 0.605413
fishery 2002 126.29  30 0.00165456 0.00367962 -0.375347
fishery 2002 126.29  31 0.00318369 0.00344362 -0.0497899
fishery 2002 126.29  32 0.00648539 0.00300472 0.713473
fishery 2002 126.29  33 0.00152542 0.00243356 -0.206707
fishery 2002 126.29  34 0.00423109 0.00188788 0.605024
fishery 2002 126.29  35 0 0.00147986 -0.431177
fishery 2002 126.29  36 0 0.0012394 -0.39429
fishery 2002 126.29  37 0 0.00114443 -0.37874
fishery 2002 126.29  38 0.00169503 0.00117291 0.170704
fishery 2002 126.29  39 0 0.00127893 -0.400586
fishery 2002 126.29  40 0.0265496 0.020489 0.480658
fishery 2003 114.809  3 0 0.0165966 -1.39156
fishery 2003 114.809  4 0.00893012 0.00760545 0.163271
fishery 2003 114.809  5 0.0151551 0.0175363 -0.194332
fishery 2003 114.809  6 0.00427522 0.0164369 -1.02457
fishery 2003 114.809  7 0.0358097 0.0393025 -0.192577
fishery 2003 114.809  8 0.0651571 0.0384453 1.48843
fishery 2003 114.809  9 0.0520148 0.0415406 0.562389
fishery 2003 114.809  10 0.0398501 0.0300761 0.613076
fishery 2003 114.809  11 0.0424817 0.0276296 0.970727
fishery 2003 114.809  12 0.0309583 0.0337084 -0.16325
fishery 2003 114.809  13 0.0416337 0.0561523 -0.675682
fishery 2003 114.809  14 0.0912818 0.0882985 0.112658
fishery 2003 114.809  15 0.0780568 0.0996147 -0.771257
fishery 2003 114.809  16 0.0482787 0.079244 -1.22824
fishery 2003 114.809  17 0.06085 0.0645001 -0.159205
fishery 2003 114.809  18 0.0768058 0.0642857 0.546935
fishery 2003 114.809  19 0.0847912 0.0627685 0.972818
fishery 2003 114.809  20 0.0477435 0.0479331 -0.00951023
fishery 2003 114.809  21 0.030208 0.031957 -0.106527
fishery 2003 114.809  22 0.0284629 0.0249352 0.242372
fishery 2003 114.809  23 0.0402046 0.0202946 1.51258
fishery 2003 114.809  24 0.0178784 0.0147554 0.277447
fishery 2003 114.809  25 0.0144117 0.0103413 0.430909
fishery 2003 114.809  26 0.00326804 0.00789669 -0.559975
fishery 2003 114.809  27 0.00227057 0.00644983 -0.558964
fishery 2003 114.809  28 0.00145328 0.00518407 -0.556115
fishery 2003 114.809  29 0.0055984 0.00418088 0.235112
fishery 2003 114.809  30 0.0026941 0.00365405 -0.170235
fishery 2003 114.809  31 0.00461677 0.00343031 0.217115
fishery 2003 114.809  32 0 0.00319027 -0.605226
fishery 2003 114.809  33 0 0.00278131 -0.564859
fishery 2003 114.809  34 0.00226028 0.00225788 0.000541338
fishery 2003 114.809  35 0 0.00175816 -0.448403
fishery 2003 114.809  36 0 0.00138369 -0.397416
fishery 2003 114.809  37 0.00561359 0.00116213 1.39398
fishery 2003 114.809  38 0 0.00109349 -0.352905
fishery 2003 114.809  39 0 0.0011579 -0.363253
fishery 2003 114.809  40 0.0169857 0.0204616 -0.263005
fishery 2004 160.732  3 0.00295515 0.00465365 -0.316059
fishery 2004 160.732  4 0.00991272 0.0217071 -1.02587
fishery 2004 160.732  5 0.0032864 0.0122249 -1.03083
fishery 2004 160.732  6 0.0202068 0.0242296 -0.33162
fishery 2004 160.732  7 0.0274297 0.0244934 0.240777
fishery 2004 160.732  8 0.0753171 0.0515936 1.35955
fishery 2004 160.732  9 0.0624508 0.0508019 0.672474
fishery 2004 160.732  10 0.0723876 0.0509262 1.23751
fishery 2004 160.732  11 0.0386535 0.0364425 0.149573
fishery 2004 160.732  12 0.0167336 0.0308081 -1.03247
fishery 2004 160.732  13 0.0234151 0.0354034 -0.822345
fishery 2004 160.732  14 0.0324435 0.0546388 -1.23801
fishery 2004 160.732  15 0.0778382 0.0811312 -0.152897
fishery 2004 160.732  16 0.0782757 0.0888623 -0.471667
fishery 2004 160.732  17 0.0455752 0.0708505 -1.24884
fishery 2004 160.732  18 0.0642798 0.0567946 0.409979
fishery 2004 160.732  19 0.0493124 0.0552741 -0.330727
fishery 2004 160.732  20 0.0757315 0.0531919 1.27322
fishery 2004 160.732  21 0.0537268 0.0413809 0.78578
fishery 2004 160.732  22 0.029167 0.0285174 0.0494732
fishery 2004 160.732  23 0.0211374 0.0223265 -0.102023
fishery 2004 160.732  24 0.0196658 0.0182497 0.134097
fishery 2004 160.732  25 0.0201906 0.0135518 0.727686
fishery 2004 160.732  26 0.012018 0.00967531 0.303268
fishery 2004 160.732  27 0.0159265 0.0074217 1.25543
fishery 2004 160.732  28 0.00317123 0.0060554 -0.470938
fishery 2004 160.732  29 0.00345206 0.00489223 -0.261419
fishery 2004 160.732  30 0.00368617 0.00396964 -0.0570818
fishery 2004 160.732  31 0.00351528 0.00345334 0.0133674
fishery 2004 160.732  32 0.00246572 0.00320849 -0.166258
fishery 2004 160.732  33 0.00401869 0.00296443 0.24544
fishery 2004 160.732  34 0.00176523 0.00258134 -0.203518
fishery 2004 160.732  35 0 0.00210212 -0.580508
fishery 2004 160.732  36 0.00232986 0.00164636 0.213095
fishery 2004 160.732  37 0 0.00130259 -0.45612
fishery 2004 160.732  38 0.00117923 0.00111731 0.0233966
fishery 2004 160.732  39 0.00113252 0.00109466 0.0144511
fishery 2004 160.732  40 0.0252472 0.0204611 0.428496
fishery 2005 137.771  3 0 0.00528802 -0.855004
fishery 2005 137.771  4 0.00433642 0.00767137 -0.448356
fishery 2005 137.771  5 0.0219383 0.0295115 -0.525165
fishery 2005 137.771  6 0.00608753 0.0186665 -1.09061
fishery 2005 137.771  7 0.0382304 0.0322255 0.399054
fishery 2005 137.771  8 0.0143795 0.0341937 -1.27961
fishery 2005 137.771  9 0.0807313 0.064081 0.797969
fishery 2005 137.771  10 0.0646756 0.0628268 0.089422
fishery 2005 137.771  11 0.0647498 0.0585299 0.310979
fishery 2005 137.771  12 0.049765 0.04107 0.514215
fishery 2005 137.771  13 0.0157774 0.0321063 -1.08708
fishery 2005 137.771  14 0.0173639 0.0348498 -1.11894
fishery 2005 137.771  15 0.0438256 0.0504346 -0.354443
fishery 2005 137.771  16 0.0860406 0.0714237 0.666155
fishery 2005 137.771  17 0.0677684 0.0765856 -0.389147
fishery 2005 137.771  18 0.0514492 0.0615736 -0.49433
fishery 2005 137.771  19 0.0492297 0.0492436 -0.000756613
fishery 2005 137.771  20 0.0622362 0.0472051 0.831822
fishery 2005 137.771  21 0.0628655 0.0450925 1.00522
fishery 2005 137.771  22 0.0404385 0.0357946 0.293361
fishery 2005 137.771  23 0.0295727 0.0254998 0.303209
fishery 2005 137.771  24 0.0289452 0.0200795 0.741674
fishery 2005 137.771  25 0.0229634 0.0164765 0.597949
fishery 2005 137.771  26 0.00757169 0.0124344 -0.514864
fishery 2005 137.771  27 0.0135082 0.00902149 0.556665
fishery 2005 137.771  28 0.00914444 0.00693708 0.311936
fishery 2005 137.771  29 0.00322732 0.00564099 -0.377941
fishery 2005 137.771  30 0.00329655 0.00457266 -0.221771
fishery 2005 137.771  31 0.00273125 0.0037226 -0.190815
fishery 2005 137.771  32 0 0.00321967 -0.666059
fishery 2005 137.771  33 0.00313339 0.00296128 0.0371149
fishery 2005 137.771  34 0.00499606 0.00271749 0.512803
fishery 2005 137.771  35 0.00155559 0.00236499 -0.195178
fishery 2005 137.771  36 0 0.00193466 -0.515447
fishery 2005 137.771  37 0.00469799 0.0015246 0.951561
fishery 2005 137.771  38 0.00302678 0.00123224 0.597995
fishery 2005 137.771  39 0.00340361 0.0011038 0.809295
fishery 2005 137.771  40 0.0163372 0.0201825 -0.320877
fishery 2006 120.549  3 0 0.00257707 -0.557015
fishery 2006 120.549  4 0.000723221 0.00695594 -0.822788
fishery 2006 120.549  5 0.0032909 0.0121071 -0.884732
fishery 2006 120.549  6 0.0511702 0.0391824 0.678272
fishery 2006 120.549  7 0.026388 0.0271703 -0.0528244
fishery 2006 120.549  8 0.0577033 0.0413357 0.902654
fishery 2006 120.549  9 0.0453195 0.0449351 0.0203746
fishery 2006 120.549  10 0.0915514 0.0754228 0.670546
fishery 2006 120.549  11 0.0928595 0.0729475 0.840642
fishery 2006 120.549  12 0.0631008 0.0632812 -0.00813459
fishery 2006 120.549  13 0.0324012 0.0433532 -0.590394
fishery 2006 120.549  14 0.0138029 0.0316719 -1.12013
fishery 2006 120.549  15 0.0134262 0.0326494 -1.18745
fishery 2006 120.549  16 0.0550251 0.044852 0.539586
fishery 2006 120.549  17 0.0527585 0.0611479 -0.384405
fishery 2006 120.549  18 0.0640953 0.0646668 -0.0255105
fishery 2006 120.549  19 0.0346586 0.0527202 -0.887305
fishery 2006 120.549  20 0.0521496 0.0425343 0.523081
fishery 2006 120.549  21 0.052099 0.0405271 0.644243
fishery 2006 120.549  22 0.0589359 0.0386561 1.1549
fishery 2006 120.549  23 0.0219829 0.0313162 -0.588263
fishery 2006 120.549  24 0.0186829 0.0229734 -0.31436
fishery 2006 120.549  25 0.0258825 0.0182125 0.629599
fishery 2006 120.549  26 0.0208554 0.0149676 0.532222
fishery 2006 120.549  27 0.00623917 0.0114489 -0.537437
fishery 2006 120.549  28 0.00600362 0.00840893 -0.289041
fishery 2006 120.549  29 0.00141508 0.00646587 -0.691358
fishery 2006 120.549  30 0.00510256 0.00523789 -0.0205646
fishery 2006 120.549  31 0.00256279 0.00424775 -0.284123
fishery 2006 120.549  32 0.00597578 0.00346187 0.469251
fishery 2006 120.549  33 0.00283017 0.00297925 -0.0299821
fishery 2006 120.549  34 0.0022319 0.00271338 -0.101438
fishery 2006 120.549  35 0.0024267 0.00247523 -0.0107012
fishery 2006 120.549  36 0 0.00215543 -0.509114
fishery 2006 120.549  37 0 0.00177208 -0.461306
fishery 2006 120.549  38 0 0.00142354 -0.413104
fishery 2006 120.549  39 0 0.00120001 -0.378996
fishery 2006 120.549  40 0.0163493 0.0198463 -0.275219
fishery 2007 149.251  3 0 0.00661334 -0.996058
fishery 2007 149.251  4 0 0.0040772 -0.780724
fishery 2007 149.251  5 0 0.00957991 -1.2009
fishery 2007 149.251  6 0.00132676 0.018145 -1.53893
fishery 2007 149.251  7 0.0500382 0.0505128 -0.0264731
fishery 2007 149.251  8 0.0456775 0.0375083 0.525193
fishery 2007 149.251  9 0.1074 0.0507652 3.15159
fishery 2007 149.251  10 0.0565766 0.0552592 0.0704324
fishery 2007 149.251  11 0.101989 0.0834155 0.820564
fishery 2007 149.251  12 0.0880404 0.0789704 0.410842
fishery 2007 149.251  13 0.0553826 0.0640439 -0.43216
fishery 2007 149.251  14 0.0256993 0.0428047 -1.03228
fishery 2007 149.251  15 0.0220179 0.02966 -0.55024
fishery 2007 149.251  16 0.0152398 0.0292486 -1.0155
fishery 2007 149.251  17 0.0309172 0.0386041 -0.487407
fishery 2007 149.251  18 0.0325741 0.0510881 -1.02718
fishery 2007 149.251  19 0.048335 0.0536685 -0.289102
fishery 2007 149.251  20 0.0287122 0.044605 -0.940438
fishery 2007 149.251  21 0.0476987 0.0366542 0.717956
fishery 2007 149.251  22 0.0456325 0.0349615 0.709636
fishery 2007 149.251  23 0.053829 0.0334145 1.38755
fishery 2007 149.251  24 0.0229111 0.0275679 -0.347406
fishery 2007 149.251  25 0.0227234 0.020751 0.168995
fishery 2007 149.251  26 0.0181619 0.0165291 0.156405
fishery 2007 149.251  27 0.0233117 0.0135882 1.02569
fishery 2007 149.251  28 0.0169233 0.0104929 0.77062
fishery 2007 149.251  29 0.00599524 0.00777818 -0.247784
fishery 2007 149.251  30 0.00649675 0.0059774 0.0822436
fishery 2007 149.251  31 0.00713805 0.00481293 0.410013
fishery 2007 149.251  32 0.00269937 0.00389885 -0.234843
fishery 2007 149.251  33 0 0.00318141 -0.689099
fishery 2007 149.251  34 0.00244612 0.00272371 -0.0649506
fishery 2007 149.251  35 0.00209956 0.00246082 -0.0888976
fishery 2007 149.251  36 0.00144957 0.00223485 -0.202712
fishery 2007 149.251  37 0 0.00194792 -0.538342
fishery 2007 149.251  38 0 0.00162613 -0.491542
fishery 2007 149.251  39 0 0.00135629 -0.448577
fishery 2007 149.251  40 0.0105577 0.0194725 -0.787984
fishery 2008 137.771  3 0 0.00609257 -0.91823
fishery 2008 137.771  4 0.00186615 0.00871687 -0.864547
fishery 2008 137.771  5 0.00118654 0.00618437 -0.747672
fishery 2008 137.771  6 0.00447721 0.0130197 -0.884184
fishery 2008 137.771  7 0.0185195 0.025849 -0.542046
fishery 2008 137.771  8 0.0996767 0.063084 1.76657
fishery 2008 137.771  9 0.0771392 0.0491503 1.51951
fishery 2008 137.771  10 0.088163 0.0595841 1.41699
fishery 2008 137.771  11 0.0757151 0.0637841 0.573031
fishery 2008 137.771  12 0.0987503 0.0869576 0.491212
fishery 2008 137.771  13 0.0861837 0.0803615 0.251368
fishery 2008 137.771  14 0.0413042 0.0615048 -0.98682
fishery 2008 137.771  15 0.0177231 0.0402372 -1.34457
fishery 2008 137.771  16 0.0127742 0.0268759 -1.02331
fishery 2008 137.771  17 0.0168907 0.0255987 -0.647048
fishery 2008 137.771  18 0.0238113 0.0327928 -0.591855
fishery 2008 137.771  19 0.0384984 0.0424715 -0.231221
fishery 2008 137.771  20 0.0440514 0.0445846 -0.0303208
fishery 2008 137.771  21 0.0392258 0.0379393 0.0790314
fishery 2008 137.771  22 0.0213898 0.0319257 -0.703333
fishery 2008 137.771  23 0.0392683 0.0305963 0.590937
fishery 2008 137.771  24 0.0373694 0.0292884 0.562446
fishery 2008 137.771  25 0.0341712 0.0245698 0.727823
fishery 2008 137.771  26 0.0193131 0.0188765 0.0376524
fishery 2008 137.771  27 0.0190816 0.015089 0.3843
fishery 2008 137.771  28 0.00650643 0.0123847 -0.623617
fishery 2008 137.771  29 0.0049974 0.00962681 -0.556212
fishery 2008 137.771  30 0.00619032 0.00718709 -0.13841
fishery 2008 137.771  31 0.00118541 0.00550954 -0.685058
fishery 2008 137.771  32 0.00118541 0.00440695 -0.570219
fishery 2008 137.771  33 0.00267325 0.00356416 -0.175228
fishery 2008 137.771  34 0.00316825 0.00290807 0.0566159
fishery 2008 137.771  35 0.00288882 0.00248202 0.095769
fishery 2008 137.771  36 0 0.00222851 -0.553477
fishery 2008 137.771  37 0 0.00201615 -0.526267
fishery 2008 137.771  38 0.00121944 0.00177607 -0.154732
fishery 2008 137.771  39 0 0.0015297 -0.457932
fishery 2008 137.771  40 0.0134352 0.0192456 -0.496281
fishery 2009 154.992  3 0.000275216 0.00300157 -0.619434
fishery 2009 154.992  4 0.00150461 0.00821569 -0.925028
fishery 2009 154.992  5 0.00251061 0.0118846 -1.07647
fishery 2009 154.992  6 0.0010431 0.00907123 -1.0536
fishery 2009 154.992  7 0.0193462 0.0173213 0.193167
fishery 2009 154.992  8 0.0433518 0.0348919 0.573866
fishery 2009 154.992  9 0.122591 0.0758738 2.19632
fishery 2009 154.992  10 0.0764572 0.0610031 0.803817
fishery 2009 154.992  11 0.0873886 0.0666891 1.03286
fishery 2009 154.992  12 0.0770698 0.0693576 0.377891
fishery 2009 154.992  13 0.0952274 0.0860761 0.406179
fishery 2009 154.992  14 0.0611505 0.0778099 -0.774214
fishery 2009 154.992  15 0.0386797 0.057068 -0.986787
fishery 2009 154.992  16 0.021042 0.0367093 -1.03711
fishery 2009 154.992  17 0.0180532 0.0240218 -0.485201
fishery 2009 154.992  18 0.0230673 0.0223088 0.0639265
fishery 2009 154.992  19 0.0277118 0.0280235 -0.0235105
fishery 2009 154.992  20 0.0433676 0.0357532 0.510484
fishery 2009 154.992  21 0.0306675 0.0376775 -0.458264
fishery 2009 154.992  22 0.023361 0.032881 -0.664532
fishery 2009 154.992  23 0.0219148 0.0283642 -0.48357
fishery 2009 154.992  24 0.0322018 0.0272936 0.374947
fishery 2009 154.992  25 0.034842 0.0261619 0.676898
fishery 2009 154.992  26 0.0162968 0.0222233 -0.500419
fishery 2009 154.992  27 0.0157278 0.017362 -0.155718
fishery 2009 154.992  28 0.0144486 0.0139037 0.0579093
fishery 2009 154.992  29 0.0105191 0.0113714 -0.100026
fishery 2009 154.992  30 0.00805455 0.00888383 -0.109963
fishery 2009 154.992  31 0.00824693 0.00666632 0.241638
fishery 2009 154.992  32 0.00138929 0.00509183 -0.646997
fishery 2009 154.992  33 0.0041861 0.00404627 0.0273893
fishery 2009 154.992  34 0 0.00326288 -0.711217
fishery 2009 154.992  35 0 0.00266551 -0.642412
fishery 2009 154.992  36 0.00118701 0.00227133 -0.282952
fishery 2009 154.992  37 0 0.00202892 -0.559968
fishery 2009 154.992  38 0.00288927 0.00184679 0.301472
fishery 2009 154.992  39 0 0.00166851 -0.507441
fishery 2009 154.992  40 0.0142296 0.0192487 -0.454667
fishery 2011 177.954  3 0 0.00432627 -0.87832
fishery 2011 177.954  4 0.000377328 0.00368147 -0.726801
fishery 2011 177.954  5 0.00465759 0.00633003 -0.281086
fishery 2011 177.954  6 0.00766911 0.0158105 -0.87037
fishery 2011 177.954  7 0.015553 0.0211467 -0.518533
fishery 2011 177.954  8 0.0147581 0.0175643 -0.284897
fishery 2011 177.954  9 0.0581305 0.0282906 2.40042
fishery 2011 177.954  10 0.047303 0.0542698 -0.410192
fishery 2011 177.954  11 0.142561 0.0969359 2.057
fishery 2011 177.954  12 0.0683696 0.0799947 -0.571609
fishery 2011 177.954  13 0.0557271 0.0725676 -0.865902
fishery 2011 177.954  14 0.0560954 0.070336 -0.742849
fishery 2011 177.954  15 0.0576723 0.0749597 -0.875716
fishery 2011 177.954  16 0.0654955 0.0654933 0.000115458
fishery 2011 177.954  17 0.0315794 0.0459879 -0.917546
fishery 2011 177.954  18 0.0204081 0.0291033 -0.68993
fishery 2011 177.954  19 0.0163186 0.0189758 -0.259732
fishery 2011 177.954  20 0.0232716 0.0173035 0.61037
fishery 2011 177.954  21 0.0262721 0.0213727 0.45181
fishery 2011 177.954  22 0.0320999 0.026886 0.429921
fishery 2011 177.954  23 0.031362 0.028752 0.208322
fishery 2011 177.954  24 0.0274988 0.0262818 0.101461
fishery 2011 177.954  25 0.0270288 0.0235985 0.301398
fishery 2011 177.954  26 0.0266521 0.02278 0.346124
fishery 2011 177.954  27 0.0371713 0.0217728 1.40721
fishery 2011 177.954  28 0.0212244 0.0188241 0.235548
fishery 2011 177.954  29 0.0117819 0.0150402 -0.357005
fishery 2011 177.954  30 0.0161892 0.0120364 0.507799
fishery 2011 177.954  31 0.00855579 0.00974995 -0.16204
fishery 2011 177.954  32 0.00607272 0.00763522 -0.239301
fishery 2011 177.954  33 0.00735358 0.00576656 0.279356
fishery 2011 177.954  34 0.00632898 0.00438225 0.392709
fishery 2011 177.954  35 0.00398226 0.00344461 0.122237
fishery 2011 177.954  36 0.000655474 0.00276989 -0.535717
fishery 2011 177.954  37 0.00159814 0.00227317 -0.188672
fishery 2011 177.954  38 0.000941681 0.00195264 -0.304714
fishery 2011 177.954  39 0.00225263 0.00178751 0.146478
fishery 2011 177.954  40 0.0190313 0.0198162 -0.0751102
fishery 2013 183.694  3 0 0.00425401 -0.88484
fishery 2013 183.694  4 0 0.00599124 -1.05136
fishery 2013 183.694  5 0.0104914 0.00829867 0.327401
fishery 2013 183.694  6 0.00910287 0.00771233 0.215297
fishery 2013 183.694  7 0.0121293 0.0129068 -0.0933136
fishery 2013 183.694  8 0.0304391 0.0280281 0.197947
fishery 2013 183.694  9 0.0517484 0.0347252 1.26002
fishery 2013 183.694  10 0.0463451 0.0292624 1.3735
fishery 2013 183.694  11 0.0536432 0.0401331 0.932816
fishery 2013 183.694  12 0.0610653 0.0684708 -0.397393
fishery 2013 183.694  13 0.102504 0.103802 -0.0576393
fishery 2013 183.694  14 0.0683326 0.0862294 -0.864079
fishery 2013 183.694  15 0.05337 0.0684681 -0.810209
fishery 2013 183.694  16 0.0406839 0.0621444 -1.20471
fishery 2013 183.694  17 0.059631 0.0602361 -0.0344653
fishery 2013 183.694  18 0.054692 0.0514671 0.197803
fishery 2013 183.694  19 0.0326243 0.0360782 -0.250989
fishery 2013 183.694  20 0.0254033 0.0230287 0.214523
fishery 2013 183.694  21 0.0126549 0.0155071 -0.312765
fishery 2013 183.694  22 0.013275 0.0143812 -0.125888
fishery 2013 183.694  23 0.0153525 0.0177208 -0.243224
fishery 2013 183.694  24 0.0244082 0.0220899 0.213728
fishery 2013 183.694  25 0.0342613 0.0238931 0.919972
fishery 2013 183.694  26 0.0142691 0.0225741 -0.757608
fishery 2013 183.694  27 0.0286892 0.0207623 0.753301
fishery 2013 183.694  28 0.0283679 0.0199396 0.816943
fishery 2013 183.694  29 0.0200824 0.0188916 0.118522
fishery 2013 183.694  30 0.0170619 0.0164638 0.0636791
fishery 2013 183.694  31 0.00796755 0.0133244 -0.632978
fishery 2013 183.694  32 0.0119744 0.0106177 0.179319
fishery 2013 183.694  33 0.0100427 0.00850371 0.227024
fishery 2013 183.694  34 0.00905752 0.00665023 0.401126
fishery 2013 183.694  35 0.00542925 0.00504823 0.0727957
fishery 2013 183.694  36 0.00703248 0.00383872 0.699084
fishery 2013 183.694  37 0.001746 0.00300501 -0.311234
fishery 2013 183.694  38 0.00293138 0.00243582 0.135974
fishery 2013 183.694  39 0.00362781 0.0020663 0.464944
fishery 2013 183.694  40 0.0195623 0.0210501 -0.140441
