BSAI_pop
0 # SSL Species???
0 # Constant buffer of Dorn
1 # Number of fsheries
1 # Number of sexes??
0.055562 #  average 5 yr f 
1 # author f
0.4 # ABC SPR
0.35 # MSY SPR
4 # Spawnmo
38 # Number of ages
1 # Fratio
 # Natural mortality 
 0.0531222 0.0531222 0.0531222 0.0531222 0.0531222 0.0531222 0.0531222 0.0531222 0.0531222 0.0531222 0.0531222 0.0531222 0.0531222 0.0531222 0.0531222 0.0531222 0.0531222 0.0531222 0.0531222 0.0531222 0.0531222 0.0531222 0.0531222 0.0531222 0.0531222 0.0531222 0.0531222 0.0531222 0.0531222 0.0531222 0.0531222 0.0531222 0.0531222 0.0531222 0.0531222 0.0531222 0.0531222 0.0531222
 # Maturity 
 0.011765 0.0240383 0.0484869 0.0953715 0.17906 0.310944 0.482833 0.658883 0.799847 0.892098 0.944766 0.972519 0.986526 0.993442 0.996819 0.99846 0.999255 0.99964 0.999826 0.999916 0.999959 0.99998 0.99999 0.999995 0.999998 0.999999 0.999999 1 1 1 1 1 1 1 1 1 1 1
 # Wt Spawn 
 94 146 203 265 327 389 448 505 558 607 653 694 731 765 795 822 846 868 887 904 919 932 944 954 963 971 977 983 988 992 996 999 1002 1004 1005 1007 1008 1013
 # Wt Fish 
 94 146 203 265 327 389 448 505 558 607 653 694 731 765 795 822 846 868 887 904 919 932 944 954 963 971 977 983 988 992 996 999 1002 1004 1005 1007 1008 1013
 # selectivity 
 0.0302482 0.0462496 0.0703035 0.10562 0.155902 0.224768 0.31465 0.425174 0.551302 0.681921 0.800644 0.894962 0.959201 0.992769 0.999341 0.985361 0.958472 0.926293 0.895737 0.872712 0.858946 0.852645 0.852122 0.855838 0.862309 0.87005 0.87753 0.883171 0.885368 0.883183 0.877004 0.867408 0.854994 0.840365 0.82411 0.806792 0.788942 0.771049
 # natage 
 76.0423 71.9444 68.0219 69.8984 36.4565 33.3821 69.669 77.1696 20.1576 48.1385 19.2346 125.892 21.09 56.5959 12.7145 51.4835 21.4789 25.0917 7.27454 7.85318 4.74696 8.84584 14.2155 24.7642 6.72699 13.8493 5.06718 25.143 4.27522 5.0338 8.02452 5.91143 3.27853 1.5368 2.32104 2.49001 0.92084 14.7833
 # Nrec 
32
 # rec 
 42.7175 26.3112 51.8014 86.025 106.677 60.7197 46.6499 247.797 45.1356 111.788 49.3642 165.381 86.9546 49.6151 24.4289 37.0962 31.4905 99.2167 77.3296 168.2 37.573 151.041 50.8184 274.324 38.0386 86.9064 33.4492 118.49 99.5703 44.6446 45.8143 82.773
 # ssb 
 71278.2 67976.7 66012.9 64777 64510.3 64848.5 66663.4 69139.1 72384.1 76730.4 81995.7 88230.5 95753.1 103120 109101 119218 128525 137780 148292 158010 165764 173306 179687 183163 186243 188919 191590 195193 201825 210212 218252 225490
