# Number of parameters = 163 Objective function value = 963.733960540608  Maximum gradient component = 6.83126613067680e-005
# sel_aslope_fish:
1.63656109222
# sel_dslope_fish:
-1.63000000000
# sel_a50_fish:
7.32882926631
# sel_d50_fish:
24.9039410000
# fsh_sel_par:
 -2.11555902425 -0.589318704789 -2.68506138906 -2.99171906084 -1.90109989725
 1.15779812026 0.371237194279 0.564780616151 0.291410597272 0.157485543506
 0.214661876337 -0.0888891744616 0.285522770773 0.368084286689 -0.134613820038
 -0.276758664203 -0.0504527369681 0.201912067314 0.462515950798 0.517035767249
 -0.572844933418 -0.0432244786016 0.140584188612 0.308603925763 0.462781357573
# srv_sel_par[1]:
 0.00000000000 0.00000000000 0.00000000000 0.00000000000 0.00000000000 0.00000000000 0.00000000000 0.00000000000 0.00000000000 0.00000000000 0.00000000000 0.00000000000 0.00000000000 0.00000000000
 0.00000000000 0.00000000000 0.00000000000 0.00000000000 0.00000000000 0.00000000000 0.00000000000 0.00000000000 0.00000000000 0.00000000000 0.00000000000 0.00000000000 0.00000000000 0.00000000000
 0.00000000000 0.00000000000 0.00000000000 0.00000000000 0.00000000000 0.00000000000 0.00000000000 0.00000000000 0.00000000000 0.00000000000 0.00000000000 0.00000000000 0.00000000000 0.00000000000
 0.00000000000 0.00000000000 0.00000000000 0.00000000000 0.00000000000 0.00000000000 0.00000000000 0.00000000000 0.00000000000 0.00000000000 0.00000000000 0.00000000000 0.00000000000 0.00000000000
 0.00000000000 0.00000000000 0.00000000000 0.00000000000 0.00000000000 0.00000000000 0.00000000000 0.00000000000 0.00000000000 0.00000000000 0.00000000000 0.00000000000 0.00000000000 0.00000000000
 0.00000000000 0.00000000000 0.00000000000 0.00000000000 0.00000000000 0.00000000000 0.00000000000 0.00000000000 0.00000000000 0.00000000000 0.00000000000 0.00000000000 0.00000000000 0.00000000000
 0.00000000000 0.00000000000 0.00000000000 0.00000000000 0.00000000000 0.00000000000 0.00000000000 0.00000000000 0.00000000000 0.00000000000 0.00000000000 0.00000000000 0.00000000000 0.00000000000
 0.00000000000 0.00000000000 0.00000000000 0.00000000000 0.00000000000 0.00000000000 0.00000000000 0.00000000000 0.00000000000 0.00000000000 0.00000000000 0.00000000000 0.00000000000 0.00000000000
 0.00000000000 0.00000000000 0.00000000000 0.00000000000 0.00000000000 0.00000000000 0.00000000000 0.00000000000 0.00000000000 0.00000000000 0.00000000000 0.00000000000 0.00000000000 0.00000000000
 0.00000000000 0.00000000000 0.00000000000 0.00000000000 0.00000000000 0.00000000000 0.00000000000 0.00000000000 0.00000000000 0.00000000000 0.00000000000 0.00000000000 0.00000000000 0.00000000000
 0.00000000000 0.00000000000 0.00000000000 0.00000000000 0.00000000000 0.00000000000 0.00000000000 0.00000000000 0.00000000000 0.00000000000 0.00000000000 0.00000000000 0.00000000000 0.00000000000
 0.00000000000 0.00000000000 0.00000000000 0.00000000000 0.00000000000 0.00000000000 0.00000000000 0.00000000000 0.00000000000 0.00000000000 0.00000000000 0.00000000000 0.00000000000 0.00000000000
 0.00000000000 0.00000000000 0.00000000000 0.00000000000 0.00000000000 0.00000000000 0.00000000000 0.00000000000 0.00000000000 0.00000000000 0.00000000000 0.00000000000 0.00000000000 0.00000000000
 0.00000000000 0.00000000000 0.00000000000 0.00000000000 0.00000000000 0.00000000000 0.00000000000 0.00000000000 0.00000000000 0.00000000000 0.00000000000 0.00000000000 0.00000000000 0.00000000000
 0.00000000000 0.00000000000 0.00000000000 0.00000000000 0.00000000000 0.00000000000 0.00000000000 0.00000000000 0.00000000000 0.00000000000 0.00000000000 0.00000000000 0.00000000000 0.00000000000
# sel_aslope_srv[1]:
0.769722703752
# sel_aslope_srv[2]:
0.658308533506
# sel_a50_srv[1]:
6.91377905728
# sel_a50_srv[2]:
11.5324521781
# sel_srv_mu[1]:
25.0000000000
# sel_srv_mu[2]:
25.0000000000
# sel_srv_dist[1]:
25.0000000000
# sel_srv_dist[2]:
25.0000000000
# sel_srv_sig1[1]:
50.0500000000
# sel_srv_sig1[2]:
50.0500000000
# sel_srv_sig2[1]:
50.0500000000
# sel_srv_sig2[2]:
50.0500000000
# fsh_a50_devs:
 0.00000000000 0.00000000000
# fsh_aslope_devs:
 0.00000000000 0.00000000000
# fsh_d50_devs:
 0.00000000000 0.00000000000
# fsh_dslope_devs:
 0.00000000000 0.00000000000
# srv_a50_devs[1]:
 0.00000000000
# srv_a50_devs[2]:
 0.00000000000
# srv_aslope_devs[1]:
 0.00000000000
# srv_aslope_devs[2]:
 0.00000000000
# sel_srv_mu_devs[1]:
 0.00000000000
# sel_srv_mu_devs[2]:
 0.00000000000
# sel_srv_dist_devs[1]:
 0.00000000000
# sel_srv_dist_devs[2]:
 0.00000000000
# sel_srv_sig1_devs[1]:
 0.00000000000
# sel_srv_sig1_devs[2]:
 0.00000000000
# sel_srv_sig2_devs[1]:
 0.00000000000
# sel_srv_sig2_devs[2]:
 0.00000000000
# log_avg_M:
-2.40794560900
# M_devs:
 0.00000000000
# log_avg_fmort:
-4.46317598234
# fmort_dev:
 -1.57514484447 0.490838410661 -0.327105975475 0.516517197774 1.53928786564 1.78885468750 1.78070401083 1.56437248359 1.66681015376 1.36887840239 1.79301800521 0.957405568364 1.20736279590 0.330854846616 1.24095619225 0.941639258351 1.14733384024 0.174042758093 -0.108607707579 -0.129524061380 -0.489322550777 -0.504737700421 -1.92114112914 -2.52224488003 -2.27263612400 -3.46297101513 -2.24878298381 -1.48121637818 -1.13667866361 -0.713209302628 0.421257798507 -0.502232521672 -0.0505719111230 0.100407839076 -0.294549687666 -0.461344587318 -0.220537298328 -0.437090452142 -0.764568387610 -0.535379520960 -0.822430373208 -0.854295896103 -0.669520923845 -0.375265180403 -0.569190562239 -0.688872016991 -0.476116856320 -0.119512724284 -0.183542258499 -0.321236438303 -0.178614490597 0.115553543757 0.129048160307 0.406280991433 0.462792513880 0.460942983749 0.482094383059 0.542182086515 0.641827691640 0.903960309807 0.878005877876 0.786358886441 0.803410352295 0.873714255737 0.901479578122
# rec_dev:
 -0.0937379311621 -0.146591819115 -0.142412569504 0.0199312155637 0.569626200149 1.29857963452 -0.493495613026 -0.890865150991 -0.928575396322 -0.700431574314 -0.717224509098 -1.02071138258 -0.751728815680 -0.0682815766016 -0.428490734580 -0.165791864691 -0.954938805931 -0.784092709788 -0.932601417362 0.000881117544341 -0.159124577897 -0.756762378715 -0.0819749466921 0.546428868293 0.654216433169 0.140394406983 -0.162611456152 1.57252075168 -0.198202724264 0.821824249678 -0.104666678929 1.20983336128 0.532793377292 0.0330645745114 -0.731940023449 -0.290718413235 -0.507329777138 0.666973414282 0.365313592249 1.15766964376 -0.377379494560 0.990735700187 -0.160669703708 1.38087758663 -0.612747966764 0.293419844707 -0.581119421450 0.624164957571 0.798461408366 0.112093986675 -0.0143390162007 0.951351613962 -0.172161946005 -0.104711506051 0.390278539082 0.277971622740 -0.0392739807526 0.535417038399 -0.201978659807 0.512522721990 -0.971784626295 -1.00787669244
# mean_log_rec:
5.30955500946
# log_rinit:
5.31256625784
# fydev:
 0.00000000000 0.00000000000 0.00000000000 0.00000000000 0.00000000000 0.00000000000 0.00000000000 0.00000000000 0.00000000000 0.00000000000 0.00000000000 0.00000000000 0.00000000000 0.00000000000 0.00000000000 0.00000000000 0.00000000000 0.00000000000 0.00000000000 0.00000000000 0.00000000000 0.00000000000 0.00000000000 0.00000000000 0.00000000000 0.00000000000 0.00000000000 0.00000000000 0.00000000000 0.00000000000 0.00000000000 0.00000000000 0.00000000000 0.00000000000 0.00000000000 0.00000000000 0.00000000000
# historic_F:
0.00000000000
# log_q_srv[1]:
 -0.452383314599
# log_q_srv[2]:
 -1.85547977564
# log_rzero:
4.16900000000
# steepness:
0.600050000000
# mat_beta1:
-6.61184000000
# mat_beta2:
0.727016000000
# theta_sac[1]:
0.100000000000
# theta_sac[2]:
0.100000000000
# theta_slc[1]:
0.100000000000
# theta_slc[2]:
0.100000000000
# theta_fish[1]:
0.100000000000
# theta_fish[2]:
0.100000000000
